40.728328704833984,-73.99295806884766,40.72578048706055,-73.99031829833984
40.72278594970703,-73.9987564086914,40.778141021728516,-73.9539794921875
40.731407165527344,-73.95774841308594,40.69498062133789,-73.99491882324219
40.76789474487305,-73.98233795166016,40.68062973022461,-73.97473907470703
40.75991439819336,-73.98040008544922,40.7214469909668,-73.99749755859375
40.750614166259766,-73.98856353759766,40.74989700317383,-73.99552917480469
40.6649169921875,-73.9899673461914,40.77565002441406,-73.94992065429688
40.733116149902344,-73.99327087402344,40.66373825073242,-73.990966796875
40.686676025390625,-73.97798919677734,40.773502349853516,-73.95539855957031
40.70909881591797,-74.00914764404297,40.707618713378906,-74.0107650756836
40.752872467041016,-73.98786163330078,40.762550354003906,-73.97722625732422
40.7205924987793,-73.99708557128906,40.671451568603516,-73.98458099365234
40.67494583129883,-73.98184204101562,40.6713981628418,-73.9843978881836
40.754886627197266,-73.98412322998047,40.677982330322266,-73.98445892333984
40.679168701171875,-73.98347473144531,40.72846221923828,-73.99951171875
40.775245666503906,-73.95870971679688,40.75819778442383,-73.97884368896484
40.6810188293457,-73.97704315185547,40.7218017578125,-73.99420166015625
40.6869010925293,-74.00180053710938,40.75341033935547,-73.99105072021484
40.73350143432617,-74.00499725341797,40.73561096191406,-74.00665283203125
40.75358963012695,-73.99888610839844,40.72776412963867,-73.99137115478516
40.7061882019043,-74.00946807861328,40.70314407348633,-74.01329803466797
40.72568130493164,-73.99488067626953,40.72835159301758,-73.99534606933594
40.779014587402344,-73.9627914428711,40.70566177368164,-74.00287628173828
40.70800018310547,-74.00849914550781,40.72832489013672,-73.98827362060547
40.73093032836914,-74.00253295898438,40.776100158691406,-73.97930145263672
40.7421989440918,-73.98380279541016,40.74106979370117,-73.99283599853516
40.73627853393555,-73.99720001220703,40.715450286865234,-74.00946807861328
40.76136779785156,-73.97755432128906,40.760101318359375,-73.9917984008789
40.7224006652832,-73.99250030517578,40.726871490478516,-74.0074691772461
40.76262283325195,-73.97174072265625,40.72466278076172,-73.9984130859375
40.7743034362793,-73.96918487548828,40.7226676940918,-73.98902893066406
40.72458267211914,-73.99079895019531,40.7305793762207,-73.99240112304688
40.72062683105469,-73.99494934082031,40.72206115722656,-73.9854965209961
40.72927474975586,-73.98906707763672,40.71752166748047,-73.95626831054688
40.77815246582031,-73.98051452636719,40.7783203125,-73.9809799194336
40.73278045654297,-74.00365447998047,40.74079132080078,-74.00761413574219
40.75127029418945,-73.97586059570312,40.75141906738281,-73.9760513305664
40.727256774902344,-73.98887634277344,40.668800354003906,-73.9851303100586
40.732582092285156,-74.0031967163086,40.72858810424805,-73.98761749267578
40.76231002807617,-73.97386169433594,40.744117736816406,-73.98373413085938
40.71519088745117,-73.98141479492188,40.69023132324219,-73.9943618774414
40.71516418457031,-74.01107788085938,40.74202346801758,-73.97764587402344
40.74310302734375,-74.00768280029297,40.73028564453125,-73.98588562011719
40.74284362792969,-73.98297882080078,40.76413345336914,-73.96632385253906
40.742679595947266,-73.9767837524414,40.7503776550293,-73.9916763305664
40.76401138305664,-73.9876480102539,40.7223014831543,-73.9884033203125
40.76690673828125,-73.95852661132812,40.76621627807617,-73.95573425292969
40.74079132080078,-74.00761413574219,40.7398796081543,-74.00613403320312
40.75257110595703,-73.982666015625,40.744415283203125,-73.99043273925781
40.72403335571289,-74.0031967163086,40.7528076171875,-73.9771728515625
40.777915954589844,-73.97924041748047,40.76100158691406,-73.97489929199219
40.714351654052734,-74.00597381591797,40.73408889770508,-73.99240112304688
40.76921081542969,-73.98477172851562,40.7697868347168,-73.98806762695312
40.73766326904297,-73.98804473876953,40.767189025878906,-73.96247863769531
40.76408767700195,-73.98822021484375,40.76078414916992,-73.99109649658203
40.769962310791016,-73.9643325805664,40.722145080566406,-74.00367736816406
40.777400970458984,-73.95240020751953,40.76249694824219,-73.97684478759766
40.76180648803711,-73.96622467041016,40.770442962646484,-73.95973205566406
40.721614837646484,-73.97477722167969,40.74079132080078,-74.00761413574219
40.7431526184082,-73.99296569824219,40.7335205078125,-73.99309539794922
40.76214599609375,-73.97429656982422,40.779014587402344,-73.9627914428711
40.73783874511719,-74.00183868408203,40.729671478271484,-74.00067901611328
40.761844635009766,-73.98423767089844,40.762245178222656,-73.98560333251953
40.7397346496582,-73.99597930908203,40.727439880371094,-73.98431396484375
40.7337532043457,-73.98973846435547,40.724037170410156,-73.99774169921875
40.76227569580078,-73.9803466796875,40.75959777832031,-73.97356414794922
40.76089859008789,-73.99030303955078,40.76136779785156,-73.97755432128906
40.75215148925781,-73.99262237548828,40.745887756347656,-73.9869384765625
40.72218322753906,-73.94993591308594,40.71760177612305,-73.95800018310547
40.71516036987305,-74.01433563232422,40.716556549072266,-74.01068878173828
40.74595642089844,-73.99358367919922,40.7159423828125,-73.95964050292969
40.72903823852539,-73.98722076416016,40.72832489013672,-73.98827362060547
40.75477981567383,-73.97332000732422,40.76263427734375,-73.97134399414062
40.75261688232422,-73.9782943725586,40.7194938659668,-73.98892211914062
40.75041198730469,-73.97416687011719,40.764644622802734,-73.97700500488281
40.77617645263672,-73.94696807861328,40.74546432495117,-73.99884033203125
40.759700775146484,-73.96532440185547,40.759559631347656,-73.96543884277344
40.762245178222656,-73.98560333251953,40.74024963378906,-73.99600982666016
40.70274353027344,-73.99362182617188,40.764583587646484,-73.97512817382812
40.68510055541992,-73.97787475585938,40.71123123168945,-74.01026916503906
40.76430130004883,-73.95570373535156,40.714900970458984,-73.95179748535156
40.75970458984375,-73.98465728759766,40.733699798583984,-74.00240325927734
40.71934509277344,-73.98668670654297,40.66809844970703,-73.98059844970703
40.75153732299805,-73.98123168945312,40.763187408447266,-73.97718048095703
40.67637252807617,-73.9810562133789,40.677940368652344,-73.98226928710938
40.72071838378906,-73.99929809570312,40.67770004272461,-73.9728012084961
40.72438049316406,-73.99227905273438,40.755523681640625,-73.97805786132812
40.74309539794922,-73.98845672607422,40.737308502197266,-73.98995971679688
40.7328987121582,-74.00759887695312,40.6778564453125,-73.9831771850586
40.74778366088867,-73.98464965820312,40.70321273803711,-73.9947509765625
40.68669891357422,-73.9937973022461,40.72140121459961,-73.98789978027344
40.72671890258789,-73.99642181396484,40.713409423828125,-74.00799560546875
40.736515045166016,-73.9931640625,40.75241470336914,-73.97525024414062
40.73408889770508,-73.99240112304688,40.721675872802734,-73.98550415039062
40.70364761352539,-74.01082611083984,40.73891067504883,-73.9997787475586
40.76405334472656,-73.97582244873047,40.75400924682617,-73.97752380371094
40.76152420043945,-73.97505187988281,40.76188659667969,-73.9715347290039
40.74088668823242,-74.00566864013672,40.761871337890625,-73.97948455810547
40.716514587402344,-73.98939514160156,40.77531051635742,-73.95319366455078
40.71379852294922,-73.99479675292969,40.71270751953125,-73.99699401855469
40.713626861572266,-73.95133209228516,40.713172912597656,-73.94920349121094
40.71452331542969,-73.96595001220703,40.71709442138672,-73.94636535644531
40.71804428100586,-73.99002838134766,40.72904586791992,-73.98809051513672
40.72770690917969,-74.0074462890625,40.72311019897461,-74.00686645507812
40.72079849243164,-73.96099853515625,40.72385787963867,-73.99640655517578
40.75067138671875,-73.98665618896484,40.73168182373047,-73.99617767333984
40.7659797668457,-73.98369598388672,40.77949905395508,-73.95010375976562
40.730323791503906,-74.00519561767578,40.73147201538086,-74.00332641601562
40.727272033691406,-73.99195861816406,40.73053741455078,-74.00206756591797
40.73045349121094,-74.00108337402344,40.727901458740234,-73.9791030883789
40.73155212402344,-73.99461364746094,40.73045349121094,-73.98920440673828
40.74079132080078,-74.00761413574219,40.7265739440918,-73.99180603027344
40.73390197753906,-74.00727844238281,40.7328987121582,-74.00759887695312
40.74041748046875,-74.00589752197266,40.73509979248047,-74.00659942626953
40.74738693237305,-73.98611450195312,40.74766159057617,-73.98611450195312
40.75614929199219,-73.97232055664062,40.767948150634766,-73.96876525878906
40.73889923095703,-73.98951721191406,40.72200012207031,-73.9834976196289
40.74030685424805,-73.97919464111328,40.75313949584961,-73.98290252685547
40.7397346496582,-73.99597930908203,40.75241470336914,-73.97952270507812
40.7462043762207,-74.00099182128906,40.74664306640625,-73.99625396728516
40.745540618896484,-73.97772216796875,40.74335479736328,-73.97264099121094
40.75186538696289,-73.97701263427734,40.74892044067383,-73.99253845214844
40.75092315673828,-73.99256134033203,40.75244140625,-73.97545623779297
40.76051712036133,-73.99113464355469,40.760398864746094,-73.96640014648438
40.75270080566406,-73.97810363769531,40.73313903808594,-73.99356842041016
40.725502014160156,-73.99197387695312,40.743038177490234,-74.00739288330078
40.735008239746094,-73.9798355102539,40.77265548706055,-73.98124694824219
40.716861724853516,-73.9964370727539,40.7796516418457,-73.9506607055664
40.705753326416016,-74.01189422607422,40.716373443603516,-74.00920104980469
40.7504997253418,-73.99009704589844,40.665367126464844,-73.98967742919922
40.68016052246094,-73.97416687011719,40.76084518432617,-73.97997283935547
40.73271942138672,-73.9901123046875,40.72097396850586,-73.99421691894531
40.697471618652344,-73.9931640625,40.69038772583008,-73.99486541748047
40.73817825317383,-73.98235321044922,40.694801330566406,-73.99520111083984
40.70527648925781,-74.0145034790039,40.74000549316406,-74.00731658935547
40.71385955810547,-73.99793243408203,40.72306442260742,-73.98853302001953
40.734737396240234,-73.99043273925781,40.71413040161133,-73.96109771728516
40.72246551513672,-73.99514770507812,40.723976135253906,-73.99620819091797
40.74104690551758,-73.98541259765625,40.77522659301758,-73.98041534423828
40.77544021606445,-73.95126342773438,40.73040008544922,-74.00409698486328
40.74309539794922,-73.98845672607422,40.748687744140625,-73.99163818359375
40.726200103759766,-73.98660278320312,40.75514221191406,-73.98269653320312
40.74052429199219,-73.99824523925781,40.74089813232422,-74.00679779052734
40.74784469604492,-73.98390197753906,40.74888229370117,-73.98493957519531
40.719505310058594,-73.99352264404297,40.77109909057617,-73.96209716796875
40.770999908447266,-73.95369720458984,40.77555847167969,-73.95033264160156
40.77982711791992,-73.98888397216797,40.77961349487305,-73.98088073730469
