40.738773345947266,-73.98885345458984,40.72230529785156,-73.98735046386719,40.740882873535156,-73.98983001708984,40.71049880981445,-73.9656982421875,40.681358337402344,-73.97740936279297,40.7116813659668,-73.95740509033203,40.67900085449219,-73.97380065917969,40.727108001708984,-73.98809051513672
40.76071548461914,-73.98116302490234,40.73363494873047,-74.0030517578125,40.73003387451172,-73.99170684814453,40.663116455078125,-73.99114227294922,40.667205810546875,-73.9882583618164,40.72529983520508,-74.00540924072266,40.75470733642578,-73.99163055419922,40.67490005493164,-73.98149871826172
40.76975631713867,-73.98847961425781,40.76929473876953,-73.98845672607422,40.76296615600586,-73.98189544677734,40.77043533325195,-73.98766326904297,40.75773620605469,-73.97795104980469,40.67748260498047,-73.97236633300781,40.668983459472656,-73.98682403564453,40.706626892089844,-74.01374816894531
40.72846221923828,-73.98471069335938,40.67369079589844,-73.98255920410156,40.73603439331055,-74.00186157226562,40.665164947509766,-73.98997497558594,40.71406936645508,-73.95362854003906,40.677085876464844,-73.98003387451172,40.71388626098633,-73.95457458496094,40.721168518066406,-73.95710754394531
40.72034454345703,-73.95140838623047,40.677818298339844,-73.97288513183594,40.66752243041992,-73.97300720214844,40.72086715698242,-73.99835968017578,40.72068786621094,-73.99842071533203,40.72150421142578,-73.99811553955078,40.67563247680664,-73.9805679321289,40.6716423034668,-73.97759246826172
40.69316101074219,-73.99861145019531,40.70566177368164,-74.00287628173828,40.71989822387695,-73.98729705810547,40.73700714111328,-73.99085235595703,40.733551025390625,-73.98995971679688,40.71794128417969,-73.98959350585938,40.73479461669922,-74.00215148925781,40.67256546020508,-73.98316955566406
40.71402359008789,-74.01583862304688,40.7596435546875,-73.96180725097656,40.77836227416992,-73.95343780517578,40.71652603149414,-73.9955825805664,40.735225677490234,-73.99068450927734,40.73838806152344,-73.99186706542969,40.73379898071289,-73.9906997680664,40.76369857788086,-73.98670196533203
40.75092315673828,-73.99256134033203,40.740299224853516,-74.00789642333984,40.73771286010742,-74.00801849365234,40.75272750854492,-73.98954772949219,40.73590087890625,-73.98750305175781,40.757904052734375,-73.98407745361328,40.736026763916016,-73.98710632324219,40.74002456665039,-73.98242950439453
40.71760177612305,-73.95880126953125,40.72449493408203,-73.99860382080078,40.7413330078125,-73.98826599121094,40.741737365722656,-73.9903793334961,40.73466110229492,-73.9905014038086,40.7410888671875,-73.98992919921875,40.74126434326172,-73.99376678466797,40.681060791015625,-73.97708129882812
40.71855545043945,-73.95587921142578,40.72239685058594,-74.00981140136719,40.72750473022461,-73.98006439208984,40.727203369140625,-73.98837280273438,40.71609115600586,-73.99723052978516,40.719505310058594,-73.99352264404297,40.71780014038086,-73.964599609375,40.739601135253906,-73.9843978881836
40.67661666870117,-73.98391723632812,40.67710494995117,-73.98316192626953,40.675228118896484,-73.98458099365234,40.676414489746094,-73.98348236083984,40.67660903930664,-73.98003387451172,40.677162170410156,-73.98290252685547,40.676883697509766,-73.98042297363281,40.746246337890625,-73.97755432128906
40.719974517822266,-73.99590301513672,40.7283935546875,-73.9819564819336,40.7288703918457,-73.98452758789062,40.73013687133789,-73.98634338378906,40.6859016418457,-73.98829650878906,40.71404266357422,-73.95729064941406,40.720638275146484,-74.0008544921875,40.73500061035156,-73.99330139160156
40.71914291381836,-73.99079132080078,40.762794494628906,-73.96806335449219,40.719886779785156,-74.00740814208984,40.7420539855957,-73.98995971679688,40.71935272216797,-73.99668884277344,40.71849822998047,-73.99030303955078,40.74718475341797,-74.00081634521484,40.7137565612793,-73.99398803710938
40.73146057128906,-73.9544906616211,40.71969985961914,-73.98719787597656,40.71630096435547,-73.94999694824219,40.72460174560547,-73.9988021850586,40.75092315673828,-73.99256134033203,40.730220794677734,-74.00326538085938,40.73363494873047,-74.0030517578125,40.722164154052734,-73.9867172241211
40.739158630371094,-73.98286437988281,40.76405334472656,-73.98311614990234,40.74723434448242,-73.9842758178711,40.72762680053711,-73.98379516601562,40.72203063964844,-73.99639892578125,40.72169876098633,-73.95800018310547,40.72972869873047,-73.99889373779297,40.67621612548828,-73.9833984375
40.7201042175293,-73.98786163330078,40.697509765625,-73.99323272705078,40.69419860839844,-73.99298858642578,40.697479248046875,-73.99320983886719,40.6978874206543,-73.9946060180664,40.69966125488281,-73.99217987060547,40.68932342529297,-73.99296569824219,40.693458557128906,-74.00013732910156
40.71632385253906,-74.0097885131836,40.73408889770508,-73.99240112304688,40.723876953125,-73.99004364013672,40.712669372558594,-74.01193237304688,40.70390319824219,-74.0113296508789,40.703269958496094,-74.00871276855469,40.73363494873047,-74.0030517578125,40.704036712646484,-74.0104751586914
40.72350311279297,-73.98267364501953,40.75358963012695,-73.99888610839844,40.71501159667969,-73.95146179199219,40.72776412963867,-73.99137115478516,40.727500915527344,-73.98639678955078,40.727027893066406,-73.98538970947266,40.711299896240234,-73.94740295410156,40.72861099243164,-73.98731994628906
40.74409484863281,-73.99645233154297,40.72750473022461,-73.98006439208984,40.73778533935547,-73.98828125,40.752197265625,-74.00519561767578,40.70281982421875,-73.99285888671875,40.76583480834961,-73.98067474365234,40.73434829711914,-73.99102783203125,40.750614166259766,-73.98856353759766
40.726993560791016,-73.9892807006836,40.72633361816406,-73.98477935791016,40.71895217895508,-73.99153900146484,40.745784759521484,-73.98807525634766,40.71951675415039,-73.99646759033203,40.72438049316406,-73.99227905273438,40.71457290649414,-73.99154663085938,40.75128936767578,-73.9736328125
40.72645568847656,-73.99859619140625,40.7253303527832,-73.98423767089844,40.718475341796875,-73.9603500366211,40.706748962402344,-74.0068359375,40.72541809082031,-73.99266052246094,40.71583557128906,-73.95899963378906,40.71902847290039,-73.96160888671875,40.71434020996094,-73.95597076416016
40.742855072021484,-73.99127197265625,40.72862243652344,-74.00456237792969,40.765010833740234,-73.98345184326172,40.72639846801758,-73.99240112304688,40.726200103759766,-74.00189971923828,40.72913360595703,-73.98440551757812,40.73857498168945,-73.98832702636719,40.740962982177734,-73.98929595947266
40.727787017822266,-73.9854965209961,40.73134994506836,-74.0068359375,40.714900970458984,-74.00830078125,40.72480010986328,-73.9990005493164,40.71156692504883,-74.01575469970703,40.741859436035156,-74.00508880615234,40.7681999206543,-73.98548889160156,40.736820220947266,-73.9909439086914
40.71691131591797,-73.9564208984375,40.7209587097168,-73.99568939208984,40.72236251831055,-73.98748779296875,40.71426773071289,-73.96171569824219,40.71369934082031,-73.96365356445312,40.74024963378906,-73.98873901367188,40.71890640258789,-73.95677185058594,40.72350311279297,-73.95191192626953
40.74197769165039,-73.99154663085938,40.74545669555664,-73.97895050048828,40.75092315673828,-73.99256134033203,40.7223014831543,-73.99659729003906,40.76527404785156,-73.98396301269531,40.73400115966797,-73.97779846191406,40.71363067626953,-73.96187591552734,40.75749969482422,-73.97515106201172
40.74707794189453,-73.98574829101562,40.742652893066406,-73.99227905273438,40.71693801879883,-73.94985961914062,40.72100830078125,-73.94609069824219,40.722862243652344,-73.9472885131836,40.724945068359375,-73.98988342285156,40.72259521484375,-73.94771575927734,40.75321960449219,-73.98677062988281
40.73310470581055,-74.00565338134766,40.72539138793945,-73.97818756103516,40.7138671875,-73.99291229248047,40.730323791503906,-74.00519561767578,40.72829818725586,-74.00480651855469,40.714725494384766,-73.99344635009766,40.724910736083984,-74.00212860107422,40.7269401550293,-74.00337219238281
40.72849655151367,-73.99983215332031,40.72210693359375,-74.00360870361328,40.72084426879883,-74.00463104248047,40.72090148925781,-74.00460052490234,40.72087478637695,-74.00474548339844,40.7224006652832,-74.00340270996094,40.72200012207031,-74.00399780273438,40.722599029541016,-74.00389862060547
40.72616958618164,-73.98564910888672,40.72615051269531,-73.98391723632812,40.72932052612305,-73.98735046386719,40.72828674316406,-73.98786926269531,40.719970703125,-73.9880142211914,40.726871490478516,-73.98526763916016,40.73601150512695,-73.99368286132812,40.7326774597168,-73.99151611328125
40.74104309082031,-74.00725555419922,40.7076416015625,-74.00209045410156,40.73739242553711,-73.98787689208984,40.75067138671875,-73.98665618896484,40.738075256347656,-73.98367309570312,40.735809326171875,-74.00598907470703,40.72869110107422,-73.98974609375,40.747222900390625,-74.00971984863281
40.71965026855469,-74.00859832763672,40.73343276977539,-73.9897232055664,40.733909606933594,-73.9897232055664,40.732688903808594,-73.98772430419922,40.762542724609375,-73.97676086425781,40.7413330078125,-73.98826599121094,40.733551025390625,-73.98995971679688,40.73310852050781,-73.98992919921875
40.758094787597656,-73.99212646484375,40.738914489746094,-74.00373077392578,40.72560501098633,-73.99807739257812,40.687137603759766,-73.99050903320312,40.754722595214844,-73.99107360839844,40.76554870605469,-73.95761108398438,40.7652587890625,-73.9876708984375,40.736106872558594,-73.98072814941406
40.72165298461914,-73.98885345458984,40.733917236328125,-73.98981475830078,40.7525520324707,-73.98700714111328,40.73679733276367,-73.99555969238281,40.7313232421875,-73.98257446289062,40.72869873046875,-73.97889709472656,40.72703552246094,-73.97999572753906,40.726898193359375,-73.97989654541016
40.71968460083008,-73.98471069335938,40.73147201538086,-74.00332641601562,40.72449493408203,-73.99860382080078,40.776100158691406,-73.9800033569336,40.73322296142578,-73.99860382080078,40.75288009643555,-73.97764587402344,40.7431640625,-73.98714447021484,40.75532913208008,-73.98522186279297
40.7743034362793,-73.96918487548828,40.76079559326172,-73.98384857177734,40.75873565673828,-73.98452758789062,40.75288009643555,-73.98167419433594,40.75830078125,-73.98829650878906,40.71599197387695,-73.9968032836914,40.76008987426758,-73.98287963867188,40.75375747680664,-73.98360443115234
40.74034881591797,-74.00577545166016,40.77210235595703,-73.98158264160156,40.740440368652344,-74.00547790527344,40.74028396606445,-74.00582122802734,40.759220123291016,-73.985107421875,40.726566314697266,-73.99983215332031,40.760780334472656,-73.98433685302734,40.736820220947266,-73.9909439086914
40.73774337768555,-73.98226928710938,40.758792877197266,-73.99198913574219,40.757598876953125,-73.9885025024414,40.72165298461914,-73.98885345458984,40.76595687866211,-73.99103546142578,40.73672866821289,-73.98443603515625,40.73858642578125,-73.98319244384766,40.75810241699219,-73.99032592773438
40.72370147705078,-73.9834976196289,40.76348876953125,-73.97907257080078,40.71915817260742,-73.98483276367188,40.72909927368164,-73.98918151855469,40.720787048339844,-73.98351287841797,40.719844818115234,-73.98699188232422,40.7388916015625,-73.99463653564453,40.714351654052734,-74.00597381591797
40.754905700683594,-73.99034881591797,40.75358200073242,-73.98532104492188,40.74097442626953,-73.98881530761719,40.740657806396484,-73.99017333984375,40.73698043823242,-73.99034118652344,40.733001708984375,-74.00420379638672,40.76382827758789,-73.97306823730469,40.75584030151367,-73.9870376586914
40.76527404785156,-73.98396301269531,40.752525329589844,-73.97755432128906,40.75895690917969,-73.97946166992188,40.74454879760742,-73.9853286743164,40.745094299316406,-73.98700714111328,40.76320266723633,-73.97154998779297,40.764984130859375,-73.9583740234375,40.7757453918457,-73.98162078857422
40.763511657714844,-73.97359466552734,40.74959945678711,-73.9885025024414,40.777706146240234,-73.96327209472656,40.761016845703125,-73.97490692138672,40.762603759765625,-73.97444152832031,40.76878356933594,-73.98314666748047,40.750614166259766,-73.98856353759766,40.76136779785156,-73.97755432128906
40.76299285888672,-73.98320007324219,40.737300872802734,-73.9906997680664,40.72844314575195,-73.99211883544922,40.76136779785156,-73.97755432128906,40.779014587402344,-73.9627914428711,40.722198486328125,-73.99596405029297,40.75923156738281,-73.98065185546875,40.72135543823242,-73.99984741210938
40.72802734375,-73.994140625,40.717689514160156,-73.9906005859375,40.72886657714844,-73.9879150390625,40.755271911621094,-73.98491668701172,40.750057220458984,-73.99459838867188,40.7291259765625,-73.9896469116211,40.728599548339844,-73.98767852783203,40.73432922363281,-73.99098205566406
40.74044418334961,-73.97232818603516,40.72875213623047,-73.98564147949219,40.723045349121094,-73.98993682861328,40.722713470458984,-73.99885559082031,40.724029541015625,-73.99533081054688,40.76465606689453,-73.97071838378906,40.72664260864258,-73.98137664794922,40.72949981689453,-73.98699951171875
40.777862548828125,-73.97991180419922,40.7757453918457,-73.98162078857422,40.7789306640625,-73.97693634033203,40.7792854309082,-73.97714233398438,40.77659225463867,-73.97937774658203,40.77256393432617,-73.98417663574219,40.777503967285156,-73.97870635986328,40.77924346923828,-73.9769515991211
40.7292366027832,-73.9861068725586,40.72991943359375,-73.99950408935547,40.72990036010742,-73.98719787597656,40.77900314331055,-73.95516204833984,40.73002243041992,-73.99225616455078,40.72968673706055,-73.99935150146484,40.77854919433594,-73.95124816894531,40.73210144042969,-73.98799896240234
40.76594161987305,-73.96338653564453,40.72250747680664,-73.9976577758789,40.73975372314453,-74.00252532958984,40.7122802734375,-74.00508880615234,40.7224006652832,-73.98560333251953,40.7413330078125,-73.98826599121094,40.74738311767578,-73.97727966308594,40.73186492919922,-73.98588562011719
40.75198745727539,-74.00190734863281,40.73059844970703,-73.98601531982422,40.73310852050781,-74.0027084350586,40.72502136230469,-73.97847747802734,40.73158645629883,-73.98391723632812,40.72886657714844,-73.9879150390625,40.7310791015625,-73.98860931396484,40.72439956665039,-73.98280334472656
40.72562789916992,-73.99365234375,40.739891052246094,-73.99769592285156,40.72358322143555,-74.00248718261719,40.76898956298828,-73.98751831054688,40.73029327392578,-73.98406219482422,40.7413330078125,-73.98826599121094,40.72880172729492,-74.00045776367188,40.72949981689453,-73.98699951171875
40.759517669677734,-73.99224090576172,40.772361755371094,-73.95612335205078,40.77901840209961,-73.97801208496094,40.765480041503906,-73.9577407836914,40.765663146972656,-73.98323059082031,40.757362365722656,-73.96636962890625,40.75825119018555,-73.98063659667969,40.75138854980469,-73.99305725097656
40.74174499511719,-74.00006866455078,40.73198699951172,-73.98538970947266,40.72699737548828,-73.98377990722656,40.759033203125,-73.97933959960938,40.75469970703125,-73.97329711914062,40.75477981567383,-73.97332000732422,40.73699951171875,-74.00140380859375,40.76432418823242,-73.98171997070312
40.75050354003906,-73.97677612304688,40.74364471435547,-73.98388671875,40.719993591308594,-74.01004028320312,40.730037689208984,-74.00717163085938,40.76878356933594,-73.98314666748047,40.73147201538086,-74.00332641601562,40.73111343383789,-74.0015869140625,40.730384826660156,-74.00655364990234
40.766666412353516,-73.99053955078125,40.7408332824707,-74.0019760131836,40.72938537597656,-73.98966217041016,40.724700927734375,-73.9999008178711,40.71772766113281,-73.94773864746094,40.729530334472656,-73.98786163330078,40.72173309326172,-73.960205078125,40.752193450927734,-73.98049926757812
40.66680145263672,-73.98480224609375,40.668399810791016,-73.98035430908203,40.667789459228516,-73.98047637939453,40.724430084228516,-73.98343658447266,40.73561096191406,-74.00665283203125,40.722599029541016,-73.9822006225586,40.72248458862305,-73.98393249511719,40.720542907714844,-73.98959350585938
40.666587829589844,-73.9815444946289,40.6708984375,-73.98490142822266,40.73878860473633,-73.99374389648438,40.7394905090332,-73.9886474609375,40.726600646972656,-73.97750091552734,40.719993591308594,-74.01004028320312,40.72665023803711,-73.98731231689453,40.74729919433594,-74.00479888916016
40.72724914550781,-73.98612213134766,40.73271942138672,-74.00240325927734,40.72999954223633,-74.00061798095703,40.7298469543457,-73.9914321899414,40.73168182373047,-73.99617767333984,40.73561096191406,-74.00665283203125,40.72391891479492,-73.98936462402344,40.722164154052734,-73.9867172241211
40.726749420166016,-73.95750427246094,40.679168701171875,-73.98347473144531,40.737831115722656,-73.98765563964844,40.71404266357422,-73.95729064941406,40.68633270263672,-73.9744644165039,40.719200134277344,-74.00589752197266,40.71772766113281,-73.94773864746094,40.68610382080078,-73.97468566894531
40.68648147583008,-73.9743423461914,40.68486785888672,-73.9795913696289,40.716880798339844,-74.00580596923828,40.72439956665039,-73.97859954833984,40.733551025390625,-73.98995971679688,40.68510055541992,-73.97787475585938,40.72836685180664,-73.98855590820312,40.730201721191406,-74.00479888916016
40.72722625732422,-74.00725555419922,40.66631317138672,-73.98240661621094,40.75841522216797,-73.98155212402344,40.76091003417969,-73.98137664794922,40.745574951171875,-73.99082946777344,40.681060791015625,-73.97412109375,40.71595764160156,-74.00012969970703,40.726890563964844,-73.98332214355469
40.7528076171875,-73.9771728515625,40.75899124145508,-73.98167419433594,40.722434997558594,-73.9876937866211,40.73987579345703,-73.98197174072266,40.73438262939453,-74.00238800048828,40.72034454345703,-73.98836517333984,40.7233772277832,-73.98796081542969,40.72187423706055,-73.95767974853516
40.7380256652832,-73.98768615722656,40.72858810424805,-73.98981475830078,40.75078582763672,-73.97557830810547,40.75433349609375,-73.98625946044922,40.727115631103516,-73.98564147949219,40.75270080566406,-73.98490142822266,40.72568893432617,-74.00167846679688,40.73186492919922,-73.98588562011719
40.7420539855957,-73.98995971679688,40.73601531982422,-74.0018539428711,40.73432922363281,-73.99098205566406,40.739768981933594,-73.98744201660156,40.757999420166016,-73.99089813232422,40.73313522338867,-73.99128723144531,40.733787536621094,-73.99303436279297,40.733001708984375,-73.99400329589844
40.732730865478516,-74.00350952148438,40.744384765625,-73.9921875,40.74227523803711,-73.98789978027344,40.75082015991211,-73.97357940673828,40.72921371459961,-73.98865509033203,40.71583557128906,-73.95899963378906,40.71501922607422,-73.99815368652344,40.77115249633789,-73.98336791992188
40.779605865478516,-73.94722747802734,40.77980041503906,-73.95069885253906,40.7286262512207,-73.99845886230469,40.761871337890625,-73.96066284179688,40.707801818847656,-74.01370239257812,40.702293395996094,-74.01058197021484,40.74002456665039,-73.98242950439453,40.711299896240234,-73.94740295410156
40.71571350097656,-73.94963073730469,40.71419906616211,-73.95067596435547,40.72651290893555,-73.9523696899414,40.716819763183594,-73.95030212402344,40.7140007019043,-73.94989776611328,40.7140998840332,-73.95140075683594,40.717926025390625,-73.94892883300781,40.7159309387207,-73.94938659667969
40.752220153808594,-73.98689270019531,40.72138977050781,-73.98892211914062,40.71890640258789,-73.989013671875,40.721675872802734,-73.98550415039062,40.70566177368164,-74.00287628173828,40.709434509277344,-74.00588989257812,40.712623596191406,-73.99030303955078,40.73111343383789,-74.0015869140625
40.723880767822266,-73.996337890625,40.74052429199219,-73.99824523925781,40.755775451660156,-73.98600769042969,40.72512435913086,-73.99700927734375,40.72135543823242,-73.99984741210938,40.75977325439453,-73.97965240478516,40.72410202026367,-74.0005111694336,40.71062088012695,-73.95880889892578
40.77109909057617,-73.95929718017578,40.7435417175293,-73.98233795166016,40.77920150756836,-73.95494842529297,40.71699905395508,-74.01062774658203,40.71804428100586,-73.99002838134766,40.716514587402344,-73.98939514160156,40.711158752441406,-74.00861358642578,40.77531051635742,-73.95319366455078
40.71590042114258,-73.99729919433594,40.7187385559082,-73.99894714355469,40.73221969604492,-73.98970031738281,40.717899322509766,-73.9988021850586,40.722877502441406,-73.98321533203125,40.76521301269531,-73.9657974243164,40.71176528930664,-73.9947738647461,40.713932037353516,-73.99652862548828
40.72195816040039,-73.99249267578125,40.73094940185547,-73.99028778076172,40.72639846801758,-73.99240112304688,40.73577880859375,-73.99313354492188,40.72930145263672,-73.98179626464844,40.72406768798828,-73.98270416259766,40.722660064697266,-73.99818420410156,40.71049880981445,-73.9656982421875
40.764503479003906,-73.97408294677734,40.71184158325195,-74.0074691772461,40.719200134277344,-74.01029968261719,40.72208023071289,-73.99751281738281,40.730010986328125,-73.98353576660156,40.718265533447266,-74.01472473144531,40.706199645996094,-74.01602172851562,40.71685028076172,-74.00798034667969
40.71480178833008,-73.99079895019531,40.721797943115234,-73.99639892578125,40.716922760009766,-73.99043273925781,40.719993591308594,-74.01004028320312,40.754112243652344,-73.97350311279297,40.71310043334961,-74.0156021118164,40.715667724609375,-73.99795532226562,40.73988342285156,-73.99310302734375
40.71810531616211,-74.00066375732422,40.75039291381836,-73.9766845703125,40.71387481689453,-74.00081634521484,40.75305938720703,-73.9775161743164,40.72230529785156,-73.98735046386719,40.751155853271484,-73.97638702392578,40.73569869995117,-73.99800109863281,40.74408721923828,-74.00676727294922
40.72986602783203,-73.98258209228516,40.715049743652344,-73.99178314208984,40.73561096191406,-74.00665283203125,40.73320007324219,-73.99629974365234,40.73198699951172,-73.99970245361328,40.73802185058594,-74.00373840332031,40.71971130371094,-74.0040054321289,40.75407791137695,-73.98491668701172
40.72008514404297,-73.99857330322266,40.7156867980957,-73.9600601196289,40.719600677490234,-74.00550079345703,40.72466278076172,-73.99471282958984,40.722557067871094,-73.9862289428711,40.720115661621094,-73.98834228515625,40.76835250854492,-73.98465728759766,40.72935485839844,-73.98915100097656
40.72296905517578,-73.9854507446289,40.71837615966797,-73.98686218261719,40.72084045410156,-73.98664855957031,40.72800064086914,-73.9905014038086,40.719417572021484,-73.98773193359375,40.729942321777344,-73.9909439086914,40.71739959716797,-74.01029968261719,40.715126037597656,-74.0081558227539
40.71803283691406,-73.96311950683594,40.7170524597168,-73.95928192138672,40.71691131591797,-73.9564208984375,40.771080017089844,-73.9565200805664,40.73072052001953,-74.00446319580078,40.72122573852539,-73.98960876464844,40.7681999206543,-73.95230102539062,40.7663688659668,-73.9654541015625
40.72466278076172,-73.9984130859375,40.72142028808594,-73.99543762207031,40.72146987915039,-73.99565887451172,40.73446273803711,-74.00076293945312,40.727298736572266,-74.00260162353516,40.72404479980469,-73.9938735961914,40.74773406982422,-73.98662567138672,40.73619842529297,-74.00060272216797
40.77712631225586,-73.9497299194336,40.780029296875,-73.94666290283203,40.777191162109375,-73.94618225097656,40.777748107910156,-73.94876098632812,40.722591400146484,-73.98300170898438,40.779300689697266,-73.95089721679688,40.78017807006836,-73.94561004638672,40.774322509765625,-73.9481430053711
40.729801177978516,-74.0010986328125,40.73408889770508,-73.99240112304688,40.72535705566406,-73.98421478271484,40.72124099731445,-73.9548568725586,40.74360275268555,-73.97367095947266,40.73652648925781,-73.99056243896484,40.735050201416016,-73.99207305908203,40.741825103759766,-73.99768829345703
40.737083435058594,-73.99024963378906,40.729148864746094,-74.00062561035156,40.737308502197266,-73.98995971679688,40.739288330078125,-73.99534606933594,40.7407341003418,-73.9933090209961,40.72001647949219,-74.005615234375,40.736331939697266,-73.98961639404297,40.742801666259766,-74.00021362304688
40.7411994934082,-74.00469970703125,40.72462463378906,-74.0078125,40.7252311706543,-74.00560760498047,40.73700714111328,-73.99085235595703,40.73802185058594,-74.00373840332031,40.73630142211914,-73.99048614501953,40.725990295410156,-74.00843811035156,40.73484802246094,-73.99217987060547
40.729469299316406,-74.00227355957031,40.726810455322266,-73.98861694335938,40.73909378051758,-74.0057144165039,40.72309494018555,-73.9957046508789,40.70735549926758,-74.01204681396484,40.76258850097656,-73.989990234375,40.71942901611328,-73.98772430419922,40.727298736572266,-74.00260162353516
40.76690673828125,-73.95852661132812,40.71780014038086,-73.98985290527344,40.719844818115234,-73.98699188232422,40.719974517822266,-73.99590301513672,40.73951721191406,-73.99529266357422,40.73561096191406,-74.00665283203125,40.729801177978516,-74.00420379638672,40.72760009765625,-73.9791030883789
40.707801818847656,-74.00589752197266,40.72880172729492,-73.9845962524414,40.71725082397461,-74.01055908203125,40.72019958496094,-73.9844970703125,40.714290618896484,-74.00768280029297,40.7156982421875,-74.00869750976562,40.73953628540039,-74.00731658935547,40.74079895019531,-74.00550079345703
40.72600173950195,-73.99533081054688,40.714298248291016,-73.99800109863281,40.73085021972656,-73.99539947509766,40.72909927368164,-74.00379943847656,40.73318099975586,-74.00450134277344,40.73040008544922,-74.00409698486328,40.732662200927734,-73.99735260009766,40.72919464111328,-74.00379943847656
40.750404357910156,-73.986572265625,40.73304748535156,-73.95829010009766,40.72953796386719,-73.95855712890625,40.74763107299805,-73.98515319824219,40.731407165527344,-73.95774841308594,40.748687744140625,-73.99163818359375,40.731868743896484,-73.95793151855469,40.73025894165039,-73.9559555053711
40.73640823364258,-73.99573516845703,40.7310791015625,-73.98860931396484,40.73861312866211,-73.99774169921875,40.733848571777344,-73.9996109008789,40.73834991455078,-73.9984359741211,40.74290084838867,-74.00350189208984,40.741085052490234,-73.99671936035156,40.73882293701172,-73.99932098388672
40.73295593261719,-73.99803161621094,40.75920104980469,-73.99234008789062,40.74068832397461,-74.00762176513672,40.72109603881836,-73.98394012451172,40.73755645751953,-73.98951721191406,40.73469924926758,-73.99960327148438,40.74579620361328,-74.00552368164062,40.759220123291016,-73.985107421875
40.74599838256836,-73.97750091552734,40.73133087158203,-73.98887634277344,40.74540710449219,-73.97542572021484,40.75605773925781,-73.97228240966797,40.72947311401367,-74.00018310546875,40.7199592590332,-73.98777770996094,40.735591888427734,-73.98869323730469,40.71659851074219,-73.95899963378906
40.76108932495117,-73.99072265625,40.7402458190918,-73.99591064453125,40.7454719543457,-73.98258972167969,40.73467254638672,-73.98051452636719,40.739646911621094,-74.00690460205078,40.778175354003906,-73.95986938476562,40.765804290771484,-73.97779846191406,40.7628173828125,-73.97760009765625
40.73260498046875,-74.0027084350586,40.76776885986328,-73.9808578491211,40.726993560791016,-73.9892807006836,40.7327995300293,-73.99710083007812,40.732662200927734,-73.99735260009766,40.732601165771484,-73.99009704589844,40.73629379272461,-73.98531341552734,40.72539520263672,-73.99241638183594
40.76612854003906,-73.98187255859375,40.75218963623047,-73.99346160888672,40.74540710449219,-73.97542572021484,40.7528076171875,-73.9771728515625,40.764503479003906,-73.98686218261719,40.766448974609375,-73.95625305175781,40.70768737792969,-74.00220489501953,40.75239944458008,-73.99410247802734
40.755210876464844,-73.98956298828125,40.76408386230469,-73.98876190185547,40.75018310546875,-73.99227905273438,40.74833679199219,-74.00399017333984,40.7421989440918,-73.98380279541016,40.75535202026367,-73.98978424072266,40.7627067565918,-73.98990631103516,40.75862121582031,-73.98731231689453
40.777915954589844,-73.97924041748047,40.77576446533203,-73.98020935058594,40.727874755859375,-73.98200225830078,40.71747970581055,-73.99823760986328,40.7775993347168,-73.97869873046875,40.76665496826172,-73.95298767089844,40.77577209472656,-73.95367431640625,40.778682708740234,-73.98210906982422
40.719886779785156,-74.00740814208984,40.7319450378418,-73.99446868896484,40.771427154541016,-73.96611022949219,40.717594146728516,-73.99021911621094,40.775665283203125,-73.95906066894531,40.721797943115234,-73.99639892578125,40.72071838378906,-73.99929809570312,40.721275329589844,-74.0015869140625
40.76388931274414,-73.9591064453125,40.75018310546875,-73.99227905273438,40.726097106933594,-74.00376892089844,40.762245178222656,-73.98609924316406,40.759944915771484,-73.9855728149414,40.74481201171875,-73.98373413085938,40.73591232299805,-74.00042724609375,40.724342346191406,-74.00382995605469
40.774009704589844,-73.9814682006836,40.77437210083008,-73.98332977294922,40.746341705322266,-73.9953384399414,40.758113861083984,-73.9771499633789,40.75020217895508,-73.99121856689453,40.72681427001953,-73.98678588867188,40.75895690917969,-73.97946166992188,40.75078582763672,-73.97557830810547
40.74911117553711,-73.9841079711914,40.7452507019043,-73.99308776855469,40.73356628417969,-74.00165557861328,40.73305130004883,-73.9977035522461,40.724300384521484,-74.00569915771484,40.73307418823242,-74.0064926147461,40.720401763916016,-73.98789978027344,40.7327995300293,-74.00789642333984
40.723480224609375,-73.98974609375,40.72690963745117,-73.98848724365234,40.7254524230957,-73.98795318603516,40.74439239501953,-73.99039459228516,40.747318267822266,-73.9864730834961,40.747711181640625,-73.9862289428711,40.72550582885742,-73.98773956298828,40.726375579833984,-73.98975372314453
40.75223159790039,-73.97968292236328,40.7347526550293,-74.00090789794922,40.73408889770508,-74.00282287597656,40.73878860473633,-73.99374389648438,40.771602630615234,-73.98242950439453,40.719398498535156,-74.0094985961914,40.74098587036133,-74.00761413574219,40.72224426269531,-74.00386047363281
40.749664306640625,-73.97823333740234,40.71950149536133,-74.00900268554688,40.72412109375,-73.99239349365234,40.716041564941406,-74.01080322265625,40.72503662109375,-73.99706268310547,40.72232437133789,-73.99636840820312,40.73362731933594,-73.98818969726562,40.71718215942383,-73.99504852294922
40.739479064941406,-73.98700714111328,40.7380256652832,-73.98768615722656,40.731109619140625,-73.98835754394531,40.7276725769043,-73.98274230957031,40.74079132080078,-74.00761413574219,40.73652648925781,-73.99056243896484,40.73887634277344,-73.99459838867188,40.731048583984375,-73.99321746826172
