8202 1 2
8204 3 2
13 5 3
8209 7 2
8211 9 2
8212 11 7
8215 13 1
8217 15 1
27 17 1
8219 19 1
8220 21 2
8222 23 1
8224 25 2
8227 27 12
8230 29 37
8232 31 3
8233 33 2
8235 35 1
8236 37 1
8238 39 2
8240 41 2
8244 43 2
53 45 1
8246 47 1
57 49 1
8257 51 1
8261 53 1
8275 55 1
8276 57 2
8278 59 2
8280 61 1
8282 63 1
8283 65 1
8284 67 1
8285 69 1
8290 71 1
99 73 1
8292 75 4
8295 77 1
8296 79 1
8298 81 5
8299 83 1
8300 85 1
111 87 2
8303 89 1
8305 91 1
8308 93 12
8309 95 4
8310 97 7
8312 99 1
8316 101 92
8317 103 4
8318 105 9
8319 107 9
8322 109 1
8325 111 1
8327 113 1
8331 115 1
8332 117 1
8333 119 1
8334 121 16
8335 123 1
8337 125 1
8338 127 1
8339 129 2
8340 131 1
8342 133 3
8344 135 2
8346 137 5
8347 139 2
8348 141 9
8349 143 5
8350 145 4
158 147 1
8351 149 4
8356 151 2
8357 153 2
8359 155 4
8360 157 6
8361 159 1
8362 161 6
8363 163 16
8364 165 2
8365 167 4
8366 169 1
8367 171 1
8368 173 1
177 175 1
8369 177 2
178 179 1
8370 181 7
8371 183 23
8373 185 3
8374 187 1
182 189 1
183 191 2
8375 193 1
8376 195 2
8378 197 3
186 199 1
8379 201 3
8380 203 2
8381 205 5
8382 207 1
8383 209 3
8385 211 3
193 213 1
8386 215 7
8387 217 4
8388 219 1
8389 221 2
197 223 1
8390 225 1
8391 227 10
8392 229 2
8393 231 11
8394 233 4
8395 235 4
8396 237 8
8397 239 7
8398 241 9
8399 243 3
8401 245 20
8402 247 4
8403 249 4
8404 251 9
8405 253 1
214 255 1
8407 257 1
8408 259 2
8409 261 5
8410 263 5
8411 265 8
8412 267 1
8414 269 4
8415 271 10
8416 273 5
8417 275 4
8420 277 10
8421 279 4
229 281 1
232 283 1
8431 285 2
8432 287 6
241 289 1
8433 291 4
8434 293 3
8435 295 2
243 297 1
8436 299 2
8437 301 9
8438 303 5
246 305 1
8439 307 5
248 309 1
8440 311 5
249 313 3
8441 315 2
8442 317 10
250 319 1
252 321 1
8445 323 1
8448 325 1
8450 327 1
8453 329 1
8456 331 1
8459 333 2
8460 335 6
8461 337 12
8462 339 7
8464 341 3
8465 343 3
273 345 1
8466 347 8
8467 349 12
8468 351 13
8469 353 130
8470 356 21
8471 358 25
8472 360 8
8473 362 18
8474 364 1
8475 366 2
8476 368 4
8478 370 1
8479 372 4
8481 374 2
8482 376 5
8483 378 5
8484 380 9
8485 382 4
8486 384 1
8487 386 6
8488 388 9
8489 390 4
8490 392 5
8491 394 8
8494 396 6
302 398 2
8496 400 5
8497 402 1
8498 404 7
8499 406 2
8501 408 1
8502 410 1
8503 412 1
8505 414 3
8506 416 4
8507 418 5
8508 420 6
8509 422 1
8510 424 4
8511 426 3
8512 428 51
8513 430 9
8514 432 4
8515 434 27
8516 436 4
8517 438 1
8518 440 2
8519 442 11
8520 444 8
8521 446 12
8522 448 7
8523 450 3
8524 452 16
8525 454 4
8526 456 20
8527 458 2
8529 460 8
8530 462 11
8531 464 15
339 466 1
8532 468 27
8533 470 3
8534 472 22
342 474 1
8535 476 5
8536 478 1
8537 480 15
8538 482 2
8539 484 1
8540 486 5
8541 488 5
8542 490 3
8543 492 6
8544 494 2
8545 496 6
8548 498 2
8549 500 1
8550 502 3
8552 504 3
8555 506 2
8556 508 1
8557 510 4
8558 512 1
8559 514 2
8560 516 7
368 518 1
8561 520 8
8563 522 6
8564 524 2
373 526 1
8566 528 3
8567 530 1
8569 532 21
8571 534 10
8572 536 5
8574 538 1
8575 540 3
8576 542 3
8577 544 1
8578 546 2
8579 548 3
8581 550 2
8583 552 10
8586 554 2
8588 556 1
8589 558 2
8591 560 1
8592 562 4
8594 564 3
8595 566 4
8596 568 2
8597 570 2
8598 572 2
8604 574 1
8608 576 1
8610 578 2
8611 580 3
426 582 1
8621 584 1
8625 586 1
8631 588 1
8639 590 17
8645 592 3
8649 594 2
8652 596 2
8653 598 2
462 600 1
8656 602 3
8657 604 15
465 606 1
8658 608 1
467 610 3
468 612 2
8660 614 1
8661 616 8
8662 618 6
471 620 1
8664 622 4
8665 624 23
473 626 1
8666 628 1
8667 630 11
8668 632 20
476 634 1
8669 636 6
8670 638 3
8671 640 6
481 642 1
8679 644 1
8680 646 8
8682 648 8
8683 650 1
492 652 1
8686 654 1
8692 656 3
500 658 1
8693 660 9
503 662 1
8695 664 3
8697 666 2
8700 668 2
8701 670 1
8702 672 4
8703 674 3
8704 676 6
8705 678 16
8706 680 3
8707 682 16
8708 684 6
8709 686 1
8710 688 12
8711 690 1
8712 692 2
8713 694 3
8714 696 2
8719 698 1
8720 700 1
8721 702 1
8724 704 4
8725 706 1
8726 708 3
8727 710 2
8728 712 1
8729 714 2
8732 716 1
8733 718 1
8735 720 3
8737 722 1
8738 724 5
8739 726 1
8740 728 2
8743 730 1
8744 732 2
8746 734 6
8747 736 16
8748 738 3
557 740 1
8749 742 5
8750 744 2
560 746 1
8755 748 2
8756 750 1
564 752 1
8757 754 3
8760 756 6
8761 758 2
8763 760 1
575 762 1
8769 764 1
8770 766 1
8773 768 1
8774 770 2
8781 772 1
8784 774 4
8787 776 1
8790 778 1
8802 780 4
8804 782 1
8808 784 1
8809 786 1
8813 788 2
8821 790 1
8832 792 1
8833 794 10
8834 796 10
8835 798 5
8836 800 2
8837 802 4
8838 804 13
8839 806 6
8840 808 1
8842 810 12
8843 812 1
8844 814 3
8845 816 10
8847 818 1
8850 820 1
8851 822 1
8854 824 1
8855 826 2
8861 828 5
8862 830 2
670 832 1
8864 834 1
8865 836 2
8866 838 3
8869 840 1
8870 842 6
8871 844 1
8872 846 1
8875 848 1
8876 850 1
685 852 1
686 854 1
8879 856 1
689 858 1
695 860 2
8890 862 1
700 864 1
8893 866 1
703 868 1
8897 870 1
8904 872 1
8906 874 4
8907 876 2
8908 878 1
8909 880 2
8910 882 1
718 884 2
719 886 4
721 888 1
725 890 1
726 892 1
8919 894 1
728 896 6
729 898 17
730 900 5
731 902 4
732 904 1
736 906 9
8929 908 1
737 910 1
8943 912 2
8944 914 1
756 916 1
764 918 1
767 920 1
8970 922 1
8976 924 1
8979 926 1
787 928 3
8984 930 1
793 932 4
8985 934 1
794 936 1
796 938 1
8992 940 8
8993 942 3
8994 944 1
806 946 1
9001 948 4
810 950 1
829 952 1
831 954 2
9028 956 1
9033 958 1
842 960 1
9037 962 1
9040 964 1
849 966 3
9045 968 2
9047 970 3
865 972 1
870 974 1
873 976 2
874 978 5
9066 980 1
875 982 2
9067 984 1
876 986 1
9069 988 1
877 990 4
878 992 22
879 994 4
9072 996 1
9076 998 1
9077 1000 3
9078 1002 1
9079 1004 1
888 1006 1
9085 1008 5
894 1010 1
895 1012 1
915 1014 2
918 1016 2
921 1018 1
925 1020 1
9127 1022 1
950 1024 1
951 1026 4
952 1028 1
956 1030 1
960 1032 6
962 1034 2
964 1036 2
977 1038 1
978 1040 20
979 1042 8
980 1044 1
990 1046 6
991 1048 2
992 1050 1
997 1052 3
1004 1054 1
1005 1056 2
1007 1058 12
1008 1060 1
1016 1062 1
1017 1064 2
9215 1066 2
9216 1068 1
1024 1070 1
9218 1072 3
1027 1074 1
1028 1076 1
1029 1078 1
9224 1080 2
9225 1082 14
9226 1084 13
9227 1086 9
9228 1088 18
1036 1090 1
9229 1092 10
1037 1094 1
9230 1096 17
9231 1098 9
9235 1100 1
1045 1102 1
1046 1104 2
9240 1106 8
9241 1108 6
9242 1110 22
9243 1112 16
9244 1114 5
9245 1116 2
9246 1118 8
9247 1120 1
9248 1122 10
9249 1124 7
9250 1126 6
9252 1128 1
9253 1130 8
9254 1132 2
9256 1134 1
9257 1136 1
9258 1138 2
1067 1140 1
9260 1142 3
1069 1144 1
1071 1146 1
9264 1148 1
9265 1150 13
9266 1152 2
9267 1154 1
9268 1156 8
9270 1158 3
9271 1160 4
9272 1162 1
1080 1164 2
9275 1166 3
1083 1168 5
9276 1170 2
9277 1172 75
1085 1174 4
9278 1176 1
9279 1178 20
1090 1180 1
1092 1182 1
1093 1184 2
9286 1186 3
1094 1188 2
1095 1190 22
9287 1192 1
1096 1194 1
1097 1196 23
9289 1198 1
9290 1200 5
9291 1202 12
1099 1204 2
1100 1206 13
9292 1208 2
9293 1210 1
9294 1212 3
1102 1214 6
9295 1216 3
1103 1218 3
1105 1220 1
1106 1222 1
1109 1224 10
1114 1226 1
1116 1228 6
1118 1230 14
1121 1232 1
9313 1234 2
9314 1236 3
9315 1238 3
9316 1240 7
9317 1242 11
1125 1244 1
9318 1246 11
9319 1248 12
9320 1250 10
9322 1252 6
9323 1254 2
9324 1256 1
1133 1258 2
9325 1260 1
9326 1262 4
9327 1264 12
1142 1266 1
1145 1268 1
1146 1270 1
1152 1272 1
9347 1274 1
9348 1276 1
9349 1278 3
9351 1280 3
1159 1282 1
9352 1284 2
1162 1286 1
9354 1288 4
9355 1290 1
1163 1292 1
9356 1294 1
1166 1296 2
9360 1298 3
1170 1300 2
9364 1302 1
1172 1304 1
9365 1306 5
9367 1308 8
9368 1310 1
9370 1312 1
1178 1314 1
9371 1316 2
1179 1318 1
1180 1320 13
9372 1322 2
1181 1324 30
9373 1326 3
1182 1328 2
9374 1330 8
9375 1332 13
1183 1334 4
9377 1336 1
9378 1338 5
9380 1340 1
1189 1342 1
1190 1344 1
1191 1346 1
9383 1348 4
9384 1350 8
1192 1352 1
1193 1354 1
9386 1356 1
9387 1358 10
9388 1360 2
9389 1362 4
9390 1364 1
9392 1366 1
9393 1368 1
1201 1370 1
1202 1372 1
9396 1374 8
9397 1376 4
1205 1378 1
9398 1380 1
1208 1382 1
9401 1384 2
9402 1386 1
9403 1388 1
9404 1390 3
9405 1392 1
9406 1394 2
9407 1396 5
1215 1398 2
9408 1400 17
9409 1402 7
9410 1404 21
9411 1406 3
9412 1408 15
9413 1410 33
9414 1412 15
9415 1414 18
9416 1416 15
9417 1418 3
9418 1420 15
1226 1422 2
9419 1424 16
9420 1426 3
9422 1428 60
1233 1430 2
1235 1432 7
1241 1434 1
1242 1436 1
1243 1438 4
1244 1440 2
1247 1442 1
9440 1444 8
9441 1446 30
9442 1448 5
9443 1450 47
1251 1452 1
9444 1454 77
1253 1456 1
9446 1458 9
9448 1460 4
9449 1462 29
1257 1464 1
9450 1466 19
9451 1468 4
1261 1470 1
1264 1472 2
1265 1474 20
1267 1476 1
1268 1478 5
1269 1480 2
1270 1482 4
1271 1484 7
1272 1486 2
1273 1488 13
1275 1490 3
1276 1492 1
1278 1494 9
1279 1496 1
1280 1498 2
1312 1500 1
1316 1502 2
1318 1504 1
1335 1506 2
1336 1508 1
1337 1510 1
1338 1512 2
1345 1514 2
1346 1516 1
1367 1518 4
1373 1520 1
1384 1522 2
1385 1524 1
1396 1526 1
1401 1528 2
1403 1530 1
1409 1532 1
1413 1534 1
1417 1536 1
1420 1538 2
1427 1540 1
1428 1542 1
1431 1544 4
1447 1546 1
1448 1548 2
1453 1550 2
1454 1552 1
1456 1554 1
1464 1556 1
1466 1558 1
1468 1560 1
1473 1562 1
1498 1564 1
1499 1566 2
1523 1568 1
1530 1570 1
1536 1572 1
9728 1574 1
9729 1576 5
9730 1578 1
9731 1580 2
1539 1582 1
1540 1584 1
9733 1586 1
9735 1588 3
9737 1590 2
9738 1592 1
9739 1594 5
1548 1596 1
9741 1598 4
9742 1600 2
9743 1602 2
9744 1604 2
1552 1606 1
9745 1608 1
9746 1610 1
9747 1612 2
9749 1614 5
1557 1616 2
9750 1618 7
1558 1620 4
9751 1622 4
9752 1624 19
9753 1626 11
9754 1628 5
9755 1630 7
9756 1632 1
1565 1634 1
9757 1636 4
9758 1638 5
9759 1640 1
1568 1642 1
9760 1644 1
1569 1646 1
9763 1648 4
1571 1650 1
9764 1652 2
9765 1654 2
9766 1656 2
9767 1658 6
9768 1660 4
9769 1662 2
9771 1664 1
9772 1666 14
9773 1668 4
9774 1670 7
9775 1672 5
1584 1674 2
9776 1676 6
1585 1678 4
9778 1680 5
9779 1682 2
1589 1684 7
9781 1686 1
1590 1688 2
1591 1690 19
9783 1692 3
9784 1694 4
9785 1696 3
9786 1698 5
9787 1700 5
1595 1702 1
1596 1704 1
9789 1706 12
1597 1708 1
9790 1710 1
9791 1712 40
1599 1714 3
9792 1716 26
9793 1718 17
9794 1720 29
9795 1722 13
1604 1724 1
1605 1726 1
9798 1728 1
1607 1730 1
9800 1732 7
9802 1734 2
1613 1736 1
1614 1738 2
1615 1740 1
1617 1742 1
1618 1744 1
1619 1746 1
1620 1748 3
1622 1750 10
1626 1752 2
1627 1754 1
1628 1756 1
1630 1758 7
1631 1760 1
9824 1762 3
1633 1764 8
9826 1766 9
1634 1768 8
1635 1770 4
1636 1772 2
1637 1774 6
1638 1776 9
1639 1778 6
1640 1780 7
1641 1782 6
1642 1784 19
1643 1786 4
1646 1788 1
1647 1790 2
1648 1792 4
1649 1794 4
1650 1796 4
1652 1798 2
1653 1800 7
1654 1802 1
1658 1804 1
9857 1806 1
9859 1808 1
9860 1810 4
1669 1812 12
9861 1814 3
1670 1816 3
9863 1818 1
9865 1820 2
1674 1822 1
9867 1824 1
1676 1826 2
9868 1828 2
9869 1830 1
1677 1832 1
1678 1834 3
9870 1836 1
1679 1838 6
9871 1840 1
9872 1842 1
1680 1844 1
1681 1846 3
9873 1848 2
1682 1850 1
9874 1852 3
1684 1854 1
1685 1856 1
9877 1858 7
1686 1860 1
9878 1862 2
1687 1864 2
9879 1866 1
1691 1868 2
1692 1870 1
9885 1872 1
1694 1874 1
9890 1876 1
9892 1878 9
1700 1880 12
1701 1882 7
1703 1884 4
9897 1886 1
9898 1888 3
1706 1890 1
9899 1892 1
9900 1894 2
9902 1896 1
1711 1898 1
1712 1900 2
1713 1902 3
1714 1904 12
1715 1906 10
9908 1908 1
1720 1910 1
1722 1912 1
9915 1914 1
1724 1916 1
9918 1918 3
1728 1920 3
1729 1922 4
1735 1924 1
1740 1926 1
1741 1928 1
1744 1930 18
1745 1932 2
1746 1934 4
1747 1936 1
1752 1938 9
1753 1940 1
1754 1942 1
1755 1944 1
1756 1946 2
1758 1948 1
1764 1950 1
1765 1952 4
1766 1954 2
1767 1956 3
1776 1958 1
1777 1960 2
1778 1962 1
1779 1964 4
1780 1966 1
1781 1968 1
1782 1970 1
1783 1972 5
1785 1974 7
1786 1976 3
1787 1978 6
1788 1980 16
1789 1982 3
1790 1984 1
1791 1986 1
1793 1988 1
1794 1990 2
1797 1992 1
1798 1994 3
1799 1996 2
1802 1998 2
1803 2000 1
1805 2002 1
1807 2004 1
1813 2006 1
1816 2008 2
1817 2010 1
1822 2012 1
1828 2014 1
1836 2016 2
1838 2018 1
1845 2020 1
1848 2022 1
1849 2024 1
1864 2026 1
1866 2028 1
1868 2030 1
1869 2032 13
1873 2034 1
1874 2036 1
1875 2038 1
1878 2040 1
1880 2042 1
1881 2044 1
1882 2046 5
1890 2048 2
1893 2050 7
1897 2052 4
1899 2054 1
1903 2056 1
1904 2058 7
1906 2060 6
1912 2062 1
1913 2064 3
1914 2066 1
1916 2068 2
1924 2070 1
1931 2072 1
1941 2074 1
1943 2076 1
1945 2078 6
1946 2080 1
1947 2082 9
1948 2084 5
1952 2086 3
1953 2088 6
1954 2090 6
1955 2092 1
1956 2094 6
1957 2096 2
1959 2098 2
1960 2100 2
1961 2102 4
1964 2104 6
1965 2106 7
1966 2108 1
1967 2110 1
1968 2112 1
1970 2114 3
1971 2116 2
1973 2118 2
1974 2120 2
1976 2122 8
1978 2124 5
1981 2126 2
1983 2128 2
1984 2130 13
1987 2132 2
1988 2134 8
1989 2136 1
1990 2138 5
1991 2140 6
1993 2142 1
1995 2144 2
1996 2146 3
1997 2148 1
1998 2150 3
2000 2152 12
2002 2154 1
2006 2156 1
2007 2158 6
2008 2160 1
2009 2162 2
2011 2164 1
2012 2166 1
2013 2168 2
2016 2170 1
2018 2172 2
2023 2174 1
2024 2176 3
2026 2178 16
2027 2180 1
2028 2182 1
2031 2184 2
2032 2186 1
2033 2188 1
2034 2190 3
10240 2192 2
2051 2194 1
10245 2196 1
2053 2198 1
2054 2200 2
10250 2202 1
2064 2204 1
2067 2206 1
10259 2208 1
10264 2210 1
10267 2212 1
2080 2214 1
2103 2216 1
2120 2218 1
2121 2220 1
2122 2222 1
2123 2224 1
2131 2226 1
2135 2228 1
2141 2230 4
2142 2232 1
10338 2234 1
2148 2236 4
2157 2238 2
2158 2240 4
10350 2242 1
2159 2244 3
2160 2246 2
2162 2248 3
2167 2250 1
2169 2252 4
2170 2254 1
2171 2256 1
2174 2258 3
10376 2260 1
10378 2262 1
2187 2264 2
2191 2266 1
2197 2268 3
2199 2270 1
10400 2272 1
2209 2274 1
2211 2276 1
10404 2278 1
10406 2280 1
2215 2282 1
2217 2284 2
2223 2286 1
2224 2288 1
2236 2290 1
2237 2292 3
2239 2294 1
2243 2296 1
2244 2298 6
10437 2300 1
2245 2302 1
10441 2304 1
2251 2306 2
2252 2308 1
10445 2310 1
2254 2312 1
2255 2314 2
2259 2316 1
2261 2318 1
2262 2320 3
2263 2322 7
2264 2324 1
2268 2326 10
2272 2328 1
2273 2330 1
2274 2332 1
2275 2334 1
2276 2336 1
10469 2338 1
2277 2340 3
2279 2342 4
2280 2344 2
2284 2346 1
2285 2348 1
2287 2350 5
2288 2352 1
10481 2354 2
2290 2356 5
2292 2358 1
10484 2360 1
10485 2362 7
2293 2364 6
2294 2366 4
2296 2368 14
2298 2370 8
2299 2372 1
2300 2374 6
2301 2376 6
2302 2378 10
2303 2380 7
10495 2382 1
2304 2384 2
2306 2386 3
2307 2388 1
2312 2390 1
2313 2392 2
2315 2394 2
2318 2396 2
2319 2398 4
2320 2400 1
2323 2402 2
2328 2404 5
2329 2406 5
2330 2408 1
2332 2410 3
2333 2412 1
2335 2414 1
2337 2416 1
2339 2418 4
2340 2420 1
2342 2422 1
2345 2424 3
2346 2426 1
2349 2428 2
2360 2430 2
10557 2432 1
2370 2434 2
2372 2436 5
2373 2438 2
2374 2440 2
2376 2442 1
2379 2444 1
2383 2446 1
2387 2448 2
2388 2450 3
10580 2452 5
10581 2454 1
10582 2456 5
2390 2458 1
2394 2460 1
10586 2462 1
10589 2464 7
10590 2466 1
2401 2468 1
2403 2470 1
2404 2472 1
2405 2474 13
2406 2476 4
2407 2478 1
10599 2480 1
2409 2482 1
2410 2484 1
10605 2486 2
10606 2488 4
2414 2490 1
10607 2492 2
10608 2494 1
10609 2496 3
2417 2498 1
2418 2500 1
10611 2502 2
2419 2504 1
10614 2506 3
2423 2508 1
10616 2510 1
2427 2512 1
2429 2514 6
2430 2516 4
10624 2518 2
10627 2520 1
2436 2522 2
10632 2524 3
10634 2526 1
2442 2528 1
2444 2530 1
10638 2532 1
10639 2534 2
2449 2536 1
2450 2538 2
2451 2540 2
2452 2542 2
2453 2544 3
2454 2546 1
10648 2548 2
10649 2550 1
10650 2552 1
2459 2554 1
10651 2556 1
2460 2558 1
10653 2560 3
10654 2562 2
10655 2564 1
2464 2566 2
2465 2568 8
10658 2570 3
2467 2572 1
10660 2574 1
10661 2576 1
2470 2578 1
10663 2580 1
10664 2582 2
2473 2584 2
10665 2586 2
2474 2588 2
2475 2590 3
2476 2592 12
10668 2594 9
2477 2596 21
10669 2598 1
10670 2600 8
2478 2602 12
2479 2604 12
10671 2606 2
2481 2608 1
10673 2610 6
10674 2612 8
2482 2614 2
10675 2616 7
10676 2618 1
2485 2620 1
10677 2622 1
10680 2624 2
2488 2626 6
2489 2628 12
10682 2630 5
2490 2632 7
2491 2634 3
2492 2636 1
2494 2638 30
10686 2640 1
2495 2642 6
2496 2644 1
2500 2646 2
2501 2648 2
2502 2650 1
2503 2652 1
10696 2654 1
2509 2656 19
2510 2658 1
2511 2660 3
2514 2662 1
2515 2664 7
2516 2666 7
10709 2668 1
2517 2670 1
2518 2672 4
10711 2674 1
2519 2676 5
2520 2678 13
10712 2680 1
2521 2682 6
2522 2684 14
2523 2686 5
2524 2688 21
2525 2690 9
2526 2692 19
2527 2694 2
2530 2696 1
2533 2698 1
2536 2700 6
2537 2702 24
10730 2704 46
2538 2706 2
2539 2708 2
10731 2710 1
10732 2712 7
2540 2714 2
2541 2716 4
10733 2718 2
2542 2720 16
10734 2722 1
2543 2724 2
2544 2726 1
2545 2728 4
2546 2730 1
2547 2732 13
2548 2734 23
2549 2736 8
2550 2738 5
2551 2740 27
2553 2742 2
2555 2744 6
2556 2746 5
2557 2748 17
2558 2750 18
2559 2752 62
2576 2754 1
2580 2756 1
2581 2758 6
2582 2760 1
2583 2762 11
2588 2764 6
2589 2766 2
2593 2768 1
2595 2770 1
2601 2772 1
2606 2774 1
2613 2776 1
2620 2778 3
2626 2780 1
2628 2782 3
2630 2784 1
2631 2786 1
2634 2788 1
2635 2790 3
2639 2792 1
2640 2794 5
10833 2796 1
2642 2798 6
2643 2800 2
2644 2802 3
2645 2804 11
2646 2806 1
2648 2808 1
2650 2810 11
2651 2812 5
10855 2814 1
10862 2816 1
2672 2818 4
2675 2820 1
10868 2822 7
10869 2824 6
10870 2826 4
10871 2828 1
2681 2830 2
10874 2832 2
2684 2834 5
10877 2836 4
2686 2838 1
10878 2840 2
2687 2842 3
2690 2844 1
2693 2846 1
2695 2848 1
2696 2850 1
2697 2852 1
2700 2854 3
2701 2856 13
2704 2858 1
2705 2860 1
2706 2862 2
2707 2864 2
2710 2866 2
2711 2868 2
2712 2870 1
2715 2872 1
2716 2874 1
2724 2876 1
10924 2878 1
2734 2880 2
2735 2882 1
10933 2884 1
2742 2886 3
2744 2888 1
2746 2890 1
10939 2892 2
2747 2894 5
2748 2896 8
2749 2898 1
2750 2900 17
2751 2902 3
10943 2904 1
2755 2906 3
2756 2908 3
2761 2910 1
2763 2912 2
2764 2914 3
10959 2916 3
10962 2918 7
2770 2920 2
10963 2922 12
2771 2924 1
2772 2926 2
2773 2928 3
2775 2930 10
10968 2932 1
2776 2934 1
2778 2936 7
10970 2938 3
2779 2940 11
2782 2942 3
2783 2944 1
2784 2946 1
10982 2948 7
2790 2950 1
2791 2952 1
2792 2954 3
10984 2956 1
10985 2958 2
2793 2960 3
10986 2962 4
2794 2964 1
2796 2966 1
2799 2968 1
2801 2970 2
2802 2972 3
2803 2974 5
2804 2976 6
2805 2978 19
2806 2980 2
2807 2982 7
2810 2984 1
2811 2986 1
2814 2988 1
2815 2990 23
2816 2992 1
11008 2994 1
2817 2996 4
11010 2998 1
2819 3000 1
11011 3002 3
2820 3004 14
11012 3006 2
2821 3008 1
11013 3010 4
2822 3012 1
11016 3014 4
11017 3016 11
2825 3018 1
2827 3020 1
2828 3022 2
11020 3024 1
11022 3026 4
2831 3028 1
2832 3030 7
2833 3032 10
11027 3034 9
2835 3036 1
2836 3038 8
11029 3040 63
2837 3042 16
2838 3044 23
11030 3046 8
11031 3048 5
2839 3050 12
11032 3052 11
2840 3054 1
2841 3056 3
11033 3058 3
2842 3060 1
2843 3062 3
2844 3064 12
2845 3066 8
2846 3068 106
2847 3071 7
11040 3073 1
11041 3075 6
2849 3077 1
11042 3079 3
11043 3081 1
11044 3083 31
2853 3085 2
2855 3087 2
2859 3089 1
2860 3091 7
2861 3093 8
2862 3095 3
2863 3097 7
2864 3099 3
2865 3101 2
2866 3103 5
2867 3105 1
2868 3107 3
2869 3109 3
2874 3111 1
2876 3113 1
11072 3115 105
2880 3118 26
2881 3120 20
11073 3122 2
2882 3124 6
2884 3126 33
2885 3128 12
2887 3130 3
2888 3132 18
2889 3134 10
2890 3136 3
2891 3138 20
2892 3140 31
2893 3142 10
2894 3144 6
2895 3146 25
2896 3148 6
2897 3150 18
2898 3152 4
2899 3154 8
2900 3156 12
2901 3158 2
2902 3160 43
2903 3162 9
2904 3164 8
2905 3166 5
2906 3168 17
2907 3170 34
2908 3172 4
2909 3174 24
2910 3176 5
2911 3178 22
2912 3180 25
2913 3182 5
2914 3184 7
2915 3186 16
2916 3188 1
2917 3190 12
2918 3192 14
2919 3194 21
2920 3196 1
2921 3198 3
2922 3200 7
2923 3202 22
2924 3204 17
2925 3206 44
2926 3208 5
2927 3210 1
2928 3212 14
2929 3214 9
2932 3216 14
2933 3218 13
2934 3220 7
2935 3222 69
2936 3224 23
2937 3226 49
2938 3228 5
2939 3230 36
2940 3232 56
2941 3234 34
2942 3236 38
2943 3238 48
2945 3240 1
2946 3242 2
2947 3244 5
2948 3246 1
2949 3248 4
2950 3250 15
2953 3252 2
2954 3254 3
2958 3256 3
2960 3258 3
2961 3260 3
2962 3262 3
2963 3264 2
2964 3266 5
2965 3268 12
2966 3270 4
2967 3272 2
2968 3274 1
2969 3276 20
2971 3278 9
2972 3280 2
2973 3282 9
2974 3284 17
2975 3286 2
2976 3288 38
2977 3290 7
2978 3292 25
2979 3294 14
2980 3296 4
2981 3298 1
2982 3300 11
2983 3302 25
2984 3304 4
2985 3306 34
2987 3308 1
2989 3310 7
2991 3312 1
2992 3314 6
2993 3316 13
2994 3318 13
2995 3320 3
2996 3322 14
2997 3324 7
2998 3326 3
2999 3328 17
3000 3330 17
3001 3332 6
3002 3334 4
3003 3336 17
3004 3338 11
3005 3340 10
3006 3342 13
3007 3344 45
3009 3346 3
3010 3348 8
3011 3350 28
3012 3352 6
3013 3354 11
3014 3356 14
3015 3358 44
3016 3360 24
3017 3362 13
3018 3364 7
3019 3366 6
3020 3368 5
3021 3370 6
3023 3372 8
3024 3374 28
3025 3376 12
3026 3378 30
3027 3380 44
3028 3382 28
3029 3384 37
3030 3386 21
3031 3388 28
3032 3390 6
3033 3392 34
3034 3394 13
3035 3396 9
3036 3398 22
3037 3400 41
3038 3402 43
3039 3404 24
3040 3406 11
3041 3408 12
3042 3410 34
3043 3412 3
3044 3414 8
3045 3416 7
3046 3418 5
3047 3420 10
3048 3422 14
3049 3424 12
3050 3426 16
3051 3428 31
3052 3430 13
3053 3432 34
3054 3434 33
3055 3436 16
3056 3438 24
3057 3440 6
3058 3442 50
3059 3444 66
3060 3446 33
3061 3448 12
3062 3450 42
3063 3452 11
3064 3454 27
3065 3456 27
3066 3458 7
3067 3460 2
3068 3462 10
3069 3464 4
3070 3466 9
3071 3468 19
3072 3470 1
3073 3472 2
3078 3474 1
11272 3476 6
11274 3478 5
11275 3480 2
3084 3482 4
11278 3484 1
11279 3486 11
3087 3488 1
11281 3490 1
3089 3492 1
11282 3494 8
11283 3496 1
11288 3498 2
3103 3500 3
3106 3502 1
11299 3504 1
11300 3506 8
3108 3508 6
11301 3510 5
3109 3512 1
11302 3514 5
3111 3516 5
11304 3518 1
11305 3520 9
11306 3522 37
11307 3524 7
3117 3526 9
3118 3528 2
3119 3530 15
3121 3532 1
3122 3534 17
3123 3536 11
3124 3538 1
3125 3540 2
3126 3542 4
3127 3544 2
3128 3546 14
3129 3548 1
3130 3550 20
3131 3552 14
3133 3554 8
3135 3556 1
3139 3558 3
3140 3560 2
3141 3562 1
3143 3564 6
3144 3566 4
3145 3568 7
3147 3570 2
3148 3572 3
3151 3574 1
3153 3576 3
3154 3578 1
3156 3580 6
3159 3582 14
3160 3584 3
3162 3586 1
3163 3588 1
3165 3590 13
3168 3592 4
3169 3594 2
3170 3596 9
3171 3598 8
3173 3600 24
3174 3602 5
3175 3604 1
3176 3606 5
3177 3608 25
3178 3610 4
3179 3612 1
3180 3614 45
3181 3616 5
3182 3618 5
3183 3620 2
3185 3622 2
3186 3624 4
3187 3626 8
3188 3628 1
3190 3630 1
3192 3632 36
3193 3634 16
3194 3636 6
3195 3638 1
3196 3640 26
3198 3642 2
3199 3644 3
11392 3646 7
3202 3648 19
3203 3650 12
3204 3652 1
3205 3654 1
3206 3656 4
3207 3658 3
3208 3660 2
3209 3662 4
3210 3664 1
3211 3666 1
3212 3668 2
3213 3670 19
3214 3672 1
3215 3674 6
3216 3676 18
3217 3678 13
3218 3680 4
3219 3682 19
3220 3684 2
3221 3686 22
3222 3688 3
3223 3690 2
3224 3692 13
3225 3694 21
3226 3696 24
3227 3698 69
3228 3700 4
3229 3702 1
3230 3704 9
3231 3706 31
3232 3708 34
3233 3710 21
3234 3712 22
3235 3714 4
3236 3716 10
3237 3718 7
3238 3720 38
3239 3722 21
3240 3724 7
3241 3726 17
3242 3728 72
3243 3730 71
3244 3732 39
3245 3734 77
3246 3736 17
3247 3738 31
3248 3740 50
3249 3742 18
3250 3744 36
3251 3746 44
3252 3748 14
3253 3750 65
3254 3752 26
3255 3754 32
3256 3756 37
3257 3758 37
3258 3760 82
3259 3762 57
3260 3764 32
3261 3766 114
3262 3769 59
3263 3771 68
3264 3773 3
3265 3775 16
3267 3777 13
3268 3779 7
3269 3781 1
3270 3783 1
3271 3785 2
3272 3787 20
3273 3789 18
3274 3791 1
3275 3793 17
3276 3795 7
3277 3797 5
3278 3799 5
3279 3801 8
3280 3803 9
3281 3805 3
3282 3807 8
3283 3809 8
3284 3811 12
3286 3813 1
3287 3815 1
3288 3817 21
3289 3819 6
3290 3821 21
3291 3823 3
3292 3825 3
3293 3827 30
3294 3829 4
3295 3831 7
3296 3833 6
3297 3835 24
3298 3837 12
3299 3839 49
3300 3841 1
3301 3843 8
3302 3845 62
3303 3847 11
3304 3849 69
3305 3851 73
3306 3853 105
3307 3856 60
3308 3858 52
3309 3860 6
3310 3862 27
3311 3864 94
3312 3866 2
3313 3868 1
3314 3870 43
3315 3872 6
3316 3874 1
3317 3876 14
3318 3878 26
3319 3880 24
3320 3882 10
3321 3884 6
3322 3886 23
3323 3888 7
3324 3890 34
3325 3892 50
3326 3894 168
3327 3897 68
3330 3899 1
3336 3901 2
3338 3903 8
3339 3905 4
3340 3907 1
3341 3909 1
3342 3911 3
3344 3913 1
3347 3915 1
3348 3917 1
3349 3919 8
3350 3921 34
3351 3923 1
3353 3925 1
3354 3927 11
3355 3929 2
3356 3931 18
3359 3933 1
3360 3935 3
3361 3937 2
3362 3939 3
3363 3941 2
3364 3943 13
3365 3945 20
3366 3947 8
3367 3949 11
3368 3951 6
3369 3953 3
3370 3955 39
3371 3957 11
3372 3959 6
3373 3961 4
3374 3963 9
3375 3965 5
3376 3967 4
3377 3969 1
3378 3971 5
3380 3973 1
3382 3975 7
3383 3977 4
3384 3979 2
3386 3981 6
3387 3983 1
3388 3985 5
3391 3987 2
3392 3989 2
3393 3991 2
3395 3993 3
3398 3995 1
3400 3997 3
3401 3999 6
3404 4001 3
3406 4003 1
3410 4005 1
3412 4007 2
3415 4009 2
3417 4011 7
3419 4013 1
3429 4015 1
3434 4017 1
3437 4019 1
3442 4021 1
3443 4023 4
3446 4025 4
3447 4027 1
3449 4029 18
3451 4031 12
3452 4033 2
3453 4035 7
3454 4037 22
3455 4039 7
3456 4041 19
3457 4043 5
3458 4045 13
3459 4047 6
3460 4049 23
3461 4051 12
3462 4053 4
3463 4055 32
3464 4057 14
3465 4059 12
3466 4061 8
3467 4063 17
3468 4065 40
3469 4067 16
3470 4069 49
3471 4071 9
3472 4073 10
3473 4075 1
3474 4077 164
3475 4080 15
3476 4082 1
3477 4084 9
3478 4086 14
3479 4088 5
3480 4090 2
3481 4092 4
3482 4094 18
3483 4096 9
3484 4098 3
3485 4100 2
3486 4102 7
3487 4104 14
3488 4106 23
3489 4108 37
3490 4110 49
3491 4112 83
3492 4114 39
3493 4116 11
3494 4118 12
3495 4120 20
3496 4122 61
3497 4124 53
3498 4126 79
3499 4128 66
3500 4130 64
3501 4132 68
3502 4134 41
3503 4136 14
3504 4138 2
3505 4140 30
3506 4142 31
3507 4144 45
3508 4146 27
3509 4148 4
3511 4150 2
3512 4152 47
3513 4154 3
3514 4156 4
3520 4158 2
3522 4160 3
3523 4162 7
3525 4164 2
3526 4166 45
3527 4168 6
3528 4170 35
3529 4172 38
3530 4174 24
3531 4176 1
3536 4178 14
3537 4180 30
3538 4182 2
3539 4184 14
3540 4186 137
3541 4189 18
3542 4191 4
3543 4193 1
3544 4195 2
3552 4197 7
3563 4199 1
3566 4201 8
3567 4203 5
3576 4205 1
3577 4207 2
3580 4209 2
3582 4211 5
3584 4213 10
3585 4215 8
3586 4217 43
3587 4219 72
3588 4221 67
3589 4223 59
3590 4225 37
3591 4227 57
3592 4229 18
3593 4231 203
3594 4234 30
3595 4236 29
3596 4238 46
3597 4240 65
3598 4242 76
3599 4244 49
3600 4246 47
3601 4248 55
3602 4250 77
3603 4252 63
3604 4254 56
3605 4256 67
3606 4258 113
3607 4261 39
3608 4263 112
3609 4266 84
3610 4268 91
3611 4270 59
3612 4272 70
3613 4274 36
3614 4276 7
3615 4278 36
3616 4280 45
3617 4282 32
3618 4284 25
3619 4286 16
3620 4288 35
3621 4290 57
3622 4292 36
3623 4294 219
3624 4298 40
3625 4300 14
3626 4302 39
3627 4304 17
3628 4306 24
3629 4308 128
3630 4311 42
3631 4313 98
3632 4315 67
3633 4317 9
3634 4319 74
3635 4321 15
3636 4323 2
3637 4325 32
3638 4327 10
3639 4329 61
3640 4331 53
3641 4333 5
3642 4335 10
3643 4337 3
3644 4339 58
3645 4341 218
3646 4345 90
3647 4347 22
3648 4349 52
3649 4351 44
3650 4353 22
3651 4355 7
3652 4357 31
3653 4359 84
3654 4361 60
3655 4363 104
3656 4366 8
3657 4368 10
3658 4370 81
3659 4372 59
3660 4374 100
3661 4376 108
3662 4379 148
3663 4382 775
3664 4391 57
3665 4393 223
3666 4397 52
3667 4399 323
3668 4404 208
3669 4408 216
3670 4412 114
3671 4415 95
3672 4417 621
3673 4425 375
3674 4430 812
3675 4439 281
3676 4443 118
3677 4446 68
3678 4448 35
3679 4450 3
3680 4452 53
3681 4454 188
3682 4457 172
3683 4460 665
3684 4468 337
3685 4473 3019
3686 4504 2599
3687 4531 4152
3688 4573 391
3689 4578 270
3690 4582 21
3691 4584 67
3692 4586 3871
3693 4625 2406
3694 4650 1099
3695 4662 762
3696 4671 1894
3697 4691 387
3698 4696 376
3699 4701 347
3700 4706 737
3701 4715 97
3702 4717 350
3703 4722 433
3704 4728 1349
3705 4743 319
3706 4748 442
3707 4754 507
3708 4760 80
3709 4762 122
3710 4765 287
3711 4769 111
3712 4772 52
3713 4774 48
3714 4776 50
3715 4778 59
3716 4780 47
3717 4782 12
3718 4784 25
3719 4786 25
3720 4788 27
3721 4790 2
3722 4792 8
3723 4794 1
3724 4796 3
3725 4798 43
3726 4800 10
3727 4802 74
3728 4804 2
3729 4806 67
3730 4808 22
3731 4810 69
3732 4812 52
3733 4814 4
3734 4816 23
3735 4818 51
3736 4820 76
3737 4822 65
3738 4824 38
3739 4826 63
3740 4828 51
3741 4830 59
3742 4832 37
3743 4834 60
3744 4836 14
3745 4838 9
3746 4840 5
3747 4842 20
3748 4844 19
3749 4846 64
3750 4848 29
3751 4850 53
3752 4852 28
3753 4854 23
3754 4856 39
3755 4858 5
3756 4860 23
3757 4862 35
3758 4864 4
3760 4866 11
3761 4868 51
3762 4870 40
3763 4872 62
3764 4874 119
3765 4877 18
3766 4879 7
3768 4881 17
3776 4883 3
3777 4885 12
3778 4887 2
3779 4889 40
3780 4891 449
3781 4897 1274
3782 4911 255
3783 4915 324
3784 4920 3
3785 4922 381
3786 4927 16
3787 4929 43
3788 4931 210
3789 4935 127
3790 4938 187
3791 4941 148
3792 4944 530
3793 4951 215
3794 4955 281
3795 4959 82
3796 4961 85
3797 4963 91
3798 4965 65
3799 4967 39
3800 4969 181
3801 4972 53
3802 4974 146
3803 4977 96
3804 4979 58
3805 4981 20
3806 4983 33
3807 4985 2
3812 4987 21
3813 4989 150
3815 4992 1
3817 4994 1
3824 4996 170
3825 4999 63
3827 5001 4
3828 5003 11
3829 5005 5
3830 5007 5
3831 5009 4
3840 5011 126
3841 5014 64
3842 5016 158
3843 5019 154
3844 5022 47
3845 5024 16
3846 5026 40
3847 5028 20
3848 5030 49
3849 5032 26
3850 5034 4
3851 5036 64
3852 5038 68
3853 5040 7
3854 5042 61
3855 5044 30
3860 5046 1
3861 5048 4
3862 5050 7
3863 5052 86
3864 5054 2
3865 5056 1
3866 5058 9
3867 5060 12
3868 5062 3
3869 5064 3
3870 5066 77
3871 5068 53
3872 5070 141
3873 5073 203
3874 5076 192
3875 5079 91
3876 5081 136
3877 5084 129
3878 5087 132
3879 5090 74
3880 5092 210
3881 5096 301
3882 5100 129
3883 5103 153
3884 5106 140
3885 5109 151
3886 5112 165
3887 5115 107
3888 5118 165
3889 5121 53
3890 5123 62
3891 5125 57
3892 5127 64
3893 5129 17
3894 5131 53
3895 5133 69
3896 5135 53
3897 5137 74
3898 5139 24
3899 5141 35
3900 5143 53
3901 5145 72
3902 5147 22
3903 5149 28
3905 5151 2
3906 5153 22
3907 5155 18
3908 5157 26
3909 5159 5
3910 5161 15
3911 5163 3
3912 5165 20
3913 5167 7
3914 5169 29
3915 5171 42
3916 5173 17
3917 5175 10
3918 5177 6
3919 5179 1
3920 5181 1
3921 5183 2
3922 5185 1
3924 5187 23
3926 5189 6
3927 5191 6
3928 5193 4
3930 5195 3
3931 5197 7
3932 5199 1
3933 5201 59
3934 5203 13
3935 5205 26
3936 5207 7
3937 5209 26
3938 5211 28
3939 5213 71
3940 5215 4
3941 5217 5
3942 5219 81
3943 5221 103
3944 5224 22
3945 5226 18
3946 5228 51
3947 5230 45
3948 5232 56
3949 5234 40
3950 5236 29
3951 5238 5
3952 5240 9
3953 5242 20
3954 5244 42
3955 5246 16
3956 5248 46
3957 5250 41
3958 5252 6
3959 5254 9
3960 5256 37
3961 5258 27
3962 5260 8
3963 5262 12
3964 5264 28
3965 5266 30
3966 5268 20
3967 5270 31
3968 5272 77
3969 5274 91
3970 5276 18
3971 5278 53
3972 5280 77
3973 5282 39
3974 5284 6
3975 5286 119
3977 5289 1
3980 5291 2
3981 5293 12
3982 5295 9
3983 5297 3
3984 5299 33
3985 5301 38
3986 5303 66
3987 5305 16
3988 5307 38
3989 5309 54
3990 5311 26
3991 5313 52
3992 5315 1
3993 5317 32
3994 5319 16
3995 5321 32
3996 5323 39
3997 5325 23
3998 5327 7
4000 5329 4
4001 5331 29
4002 5333 3
4004 5335 40
4005 5337 7
4016 5339 2
4017 5341 4
4020 5343 5
4021 5345 35
4032 5347 18
4033 5349 4
4034 5351 42
4035 5353 78
4036 5355 7
4037 5357 11
4038 5359 41
4039 5361 28
4040 5363 3
4041 5365 18
4042 5367 1
4043 5369 28
4044 5371 18
4045 5373 9
4048 5375 2
4049 5377 21
4050 5379 23
4051 5381 27
4052 5383 32
4053 5385 43
4054 5387 20
4055 5389 12
4056 5391 17
4058 5393 7
4059 5395 3
4063 5397 5
4064 5399 42
4065 5401 35
4068 5403 6
4069 5405 4
4080 5407 18
4081 5409 1
4101 5411 1
4108 5413 1
4149 5415 1
4150 5417 1
4157 5419 1
4158 5421 1
4177 5423 1
4181 5425 1
4206 5427 1
4207 5429 1
4223 5431 3
4234 5433 1
4235 5435 3
4236 5437 1
4273 5439 1
4276 5441 2
4278 5443 1
4281 5445 1
4304 5447 1
4309 5449 7
4316 5451 1
4317 5453 1
4336 5455 1
4343 5457 1
4361 5459 1
4394 5461 5
4395 5463 12
4398 5465 9
4438 5467 1
4444 5469 1
4447 5471 1
4458 5473 2
4459 5475 1
4462 5477 5
4463 5479 2
4464 5481 1
4465 5483 1
4466 5485 1
4467 5487 3
4468 5489 2
4473 5491 2
4474 5493 1
4480 5495 17
4481 5497 5
4482 5499 1
4486 5501 2
4493 5503 1
12691 5505 1
4515 5507 1
4519 5509 1
4532 5511 1
4535 5513 8
4547 5515 1
4550 5517 1
4553 5519 1
4556 5521 2
4560 5523 1
4561 5525 2
4565 5527 1
4567 5529 1
4568 5531 1
4570 5533 2
4571 5535 1
4573 5537 1
4574 5539 1
4575 5541 8
4577 5543 5
4578 5545 10
4579 5547 1
4580 5549 2
4581 5551 1
4583 5553 2
4584 5555 1
4585 5557 3
4586 5559 3
4587 5561 2
4588 5563 3
4590 5565 8
4592 5567 1
4593 5569 2
4594 5571 1
4595 5573 2
4597 5575 9
4598 5577 5
4599 5579 2
4601 5581 1
4604 5583 7
4605 5585 1
4615 5587 2
4617 5589 1
4620 5591 3
4621 5593 3
4623 5595 2
4645 5597 2
4648 5599 3
4651 5601 1
4652 5603 1
4653 5605 3
4655 5607 2
4666 5609 9
4672 5611 1
4698 5613 1
4699 5615 1
4711 5617 1
4717 5619 5
4719 5621 1
4720 5623 2
4722 5625 2
4737 5627 4
4738 5629 3
4739 5631 6
4741 5633 11
4742 5635 25
4743 5637 9
4744 5639 20
4745 5641 5
4748 5643 10
4749 5645 12
4752 5647 4
4753 5649 1
4755 5651 1
4756 5653 4
4765 5655 1
4768 5657 1
4769 5659 3
4771 5661 2
4772 5663 2
4776 5665 14
4778 5667 1
4779 5669 2
4782 5671 5
4783 5673 2
4784 5675 1
4785 5677 1
4790 5679 1
4792 5681 2
4796 5683 1
4798 5685 1
4799 5687 2
4800 5689 9
4801 5691 2
4802 5693 6
4803 5695 1
4804 5697 1
4806 5699 1
4809 5701 10
4811 5703 1
4814 5705 2
4815 5707 1
4822 5709 1
4825 5711 1
4833 5713 1
4835 5715 1
4836 5717 13
4838 5719 6
4839 5721 2
4843 5723 1
4844 5725 1
4845 5727 4
4849 5729 1
4850 5731 3
4853 5733 1
4854 5735 1
4858 5737 6
4861 5739 3
4863 5741 5
4866 5743 3
4867 5745 3
4870 5747 1
4871 5749 1
4873 5751 2
4875 5753 3
4876 5755 13
4877 5757 6
4878 5759 4
4879 5761 7
4881 5763 1
4882 5765 1
4883 5767 1
4888 5769 6
4889 5771 7
4890 5773 6
4891 5775 7
4892 5777 2
4893 5779 3
4894 5781 3
4895 5783 1
4929 5785 2
4930 5787 1
4931 5789 1
4932 5791 6
4933 5793 1
4934 5795 3
4936 5797 2
4937 5799 9
4939 5801 2
4940 5803 2
4941 5805 1
4942 5807 1
4943 5809 1
4949 5811 1
4951 5813 1
4954 5815 3
4955 5817 4
4958 5819 3
4961 5821 1
4963 5823 2
4966 5825 1
4969 5827 2
4972 5829 1
4977 5831 5
4978 5833 1
4979 5835 8
4980 5837 2
4981 5839 2
4983 5841 1
4984 5843 4
4985 5845 2
4986 5847 6
4987 5849 2
4989 5851 1
4995 5853 1
4998 5855 1
5003 5857 2
5004 5859 1
5022 5861 1
5024 5863 2
5025 5865 5
5026 5867 1
5027 5869 3
5030 5871 1
5032 5873 6
5034 5875 2
5038 5877 1
5044 5879 6
5045 5881 8
5046 5883 2
5047 5885 6
5048 5887 1
5049 5889 4
5050 5891 3
5051 5893 14
5052 5895 3
5053 5897 7
5054 5899 8
5055 5901 5
5057 5903 10
5059 5905 7
5061 5907 1
5063 5909 7
5064 5911 3
5065 5913 11
5066 5915 1
5067 5917 1
5068 5919 4
5069 5921 1
5070 5923 2
5073 5925 1
5077 5927 1
5088 5929 4
5089 5931 2
5090 5933 154
5091 5936 9
5093 5938 1
5096 5940 6
5097 5942 1
5100 5944 3
5102 5946 1
5108 5948 2
5109 5950 1
5110 5952 1
5111 5954 3
5112 5956 6
5113 5958 4
5116 5960 4
5131 5962 1
5132 5964 4
5134 5966 1
5135 5968 2
5136 5970 1
5141 5972 1
5148 5974 2
5152 5976 1
5159 5978 1
5160 5980 1
5162 5982 4
5163 5984 1
5165 5986 2
5167 5988 1
5176 5990 3
5181 5992 2
5182 5994 1
5184 5996 2
5205 5998 1
5213 6000 2
5220 6002 1
5223 6004 1
5226 6006 6
5227 6008 1
5229 6010 2
5230 6012 4
5231 6014 3
5240 6016 1
5241 6018 1
5242 6020 1
5249 6022 3
5250 6024 2
5251 6026 6
5253 6028 4
5254 6030 8
5255 6032 27
5256 6034 20
5257 6036 12
5258 6038 3
5259 6040 2
5260 6042 12
5261 6044 9
5262 6046 1
5263 6048 3
5266 6050 2
5267 6052 1
5269 6054 1
5270 6056 2
5271 6058 7
5272 6060 3
5273 6062 3
5275 6064 7
5279 6066 1
5282 6068 1
5283 6070 4
5285 6072 2
5288 6074 2
5289 6076 5
5291 6078 1
5293 6080 2
5294 6082 1
5295 6084 2
5297 6086 1
5298 6088 4
5300 6090 13
5307 6092 1
5312 6094 15
5313 6096 7
5314 6098 4
5315 6100 13
5316 6102 1
5318 6104 1
5319 6106 3
5320 6108 1
5321 6110 1
5324 6112 2
5353 6114 1
5379 6116 3
5382 6118 1
5383 6120 1
5384 6122 1
5402 6124 3
5410 6126 2
5413 6128 3
5420 6130 1
5422 6132 1
5429 6134 1
5434 6136 2
5435 6138 1
5455 6140 1
5479 6142 1
5480 6144 1
5520 6146 3
5521 6148 14
5633 6150 3
5637 6152 1
5640 6154 1
5643 6156 1
5644 6158 1
5647 6160 1
5650 6162 1
5656 6164 8
5658 6166 1
5667 6168 2
5670 6170 1
5677 6172 1
5702 6174 1
5725 6176 1
5741 6178 1
5743 6180 1
5746 6182 1
5754 6184 1
5789 6186 2
5791 6188 3
5794 6190 1
5795 6192 3
5796 6194 1
5804 6196 6
5805 6198 5
5812 6200 1
5814 6202 1
5817 6204 1
5820 6206 9
5821 6208 2
5822 6210 2
5832 6212 2
5834 6214 7
5839 6216 1
5841 6218 1
5842 6220 2
5849 6222 1
5850 6224 1
5855 6226 2
5864 6228 1
5865 6230 7
5866 6232 1
5867 6234 1
5869 6236 1
5870 6238 1
5874 6240 1
5879 6242 3
5880 6244 3
5881 6246 4
5884 6248 7
5885 6250 2
5931 6252 2
5976 6254 1
5983 6256 1
5991 6258 2
5997 6260 3
5999 6262 1
6000 6264 2
6002 6266 29
6009 6268 1
6044 6270 1
6046 6272 1
6047 6274 3
6049 6276 3
6050 6278 1
6052 6280 1
6054 6282 2
6056 6284 1
6065 6286 1
6066 6288 1
6072 6290 1
6085 6292 1
6095 6294 11
6096 6296 1
6097 6298 1
6104 6300 3
6105 6302 4
6106 6304 6
6107 6306 2
6108 6308 1
6110 6310 1
6112 6312 1
6117 6314 4
6128 6316 2
6129 6318 1
6132 6320 1
6133 6322 2
6143 6324 2
6145 6326 1
6148 6328 3
6150 6330 2
6151 6332 1
6155 6334 1
6156 6336 6
6157 6338 2
6159 6340 15
6160 6342 1
6170 6344 3
6174 6346 3
6175 6348 1
6176 6350 21
6177 6352 1
6178 6354 3
6180 6356 2
6181 6358 16
6182 6360 4
6183 6362 22
6185 6364 7
6186 6366 8
6187 6368 38
6188 6370 26
6189 6372 52
6190 6374 19
6191 6376 1
6192 6378 5
6193 6380 19
6194 6382 18
6195 6384 24
6196 6386 12
6197 6388 9
6198 6390 1
6199 6392 3
6200 6394 10
6201 6396 1
6202 6398 2
6209 6400 1
6211 6402 2
6213 6404 3
6215 6406 5
6216 6408 1
6217 6410 3
6219 6412 1
6220 6414 14
6221 6416 6
6222 6418 12
6223 6420 33
6224 6422 10
6225 6424 6
6226 6426 11
6227 6428 6
6228 6430 4
6229 6432 1
6230 6434 3
6231 6436 5
6232 6438 10
6233 6440 19
6234 6442 18
6235 6444 31
6236 6446 6
6237 6448 12
6239 6450 1
6240 6452 3
6241 6454 10
6242 6456 1
6243 6458 1
6244 6460 44
6245 6462 11
6246 6464 1
6256 6466 1
6272 6468 1
6276 6470 5
6314 6472 1
6317 6474 2
6318 6476 1
6319 6478 19
6322 6480 1
6328 6482 2
6329 6484 3
6330 6486 2
6331 6488 3
6332 6490 8
6333 6492 4
6334 6494 7
6335 6496 12
6377 6498 2
6379 6500 3
6380 6502 2
6382 6504 8
6383 6506 2
6391 6508 3
6392 6510 2
6394 6512 1
6397 6514 12
6398 6516 5
6399 6518 7
6400 6520 1
6401 6522 2
6402 6524 3
6403 6526 7
6404 6528 1
6405 6530 26
6406 6532 21
6407 6534 2
6408 6536 5
6409 6538 5
6412 6540 1
6416 6542 17
6417 6544 3
6418 6546 2
6419 6548 1
6420 6550 1
6562 6552 17
6563 6554 5
6564 6556 27
6566 6558 11
6567 6560 26
6568 6562 20
6569 6564 2
6570 6566 14
6571 6568 9
6572 6570 5
6573 6572 7
6574 6574 2
6575 6576 3
6577 6578 1
6578 6580 11
6579 6582 20
6581 6584 4
6582 6586 5
6583 6588 1
6584 6590 3
6585 6592 2
6586 6594 5
6587 6596 2
6589 6598 2
6591 6600 4
6624 6602 4
6625 6604 1
6627 6606 1
6629 6608 1
6634 6610 2
6635 6612 2
6638 6614 1
6640 6616 2
6641 6618 2
6642 6620 6
6644 6622 1
6645 6624 3
6646 6626 3
6647 6628 1
6651 6630 2
6657 6632 6
6658 6634 3
6659 6636 4
6660 6638 10
6661 6640 90
6662 6642 7
6663 6644 25
6664 6646 22
6665 6648 20
6666 6650 5
6667 6652 21
6668 6654 3
6669 6656 31
6670 6658 13
6671 6660 15
6672 6662 4
6673 6664 12
6674 6666 11
6675 6668 10
6676 6670 4
6677 6672 11
6678 6674 3
6679 6676 13
6680 6678 1
6681 6680 1
6682 6682 2
6683 6684 2
6685 6686 1
6687 6688 1
6688 6690 16
6689 6692 17
6690 6694 25
6691 6696 6
6692 6698 4
6693 6700 22
6694 6702 10
6695 6704 33
6696 6706 23
6697 6708 16
6698 6710 13
6699 6712 16
6700 6714 20
6701 6716 24
6702 6718 8
6703 6720 8
6704 6722 3
6705 6724 1
6706 6726 3
6709 6728 19
6710 6730 3
6711 6732 14
6712 6734 2
6713 6736 4
6714 6738 9
6715 6740 14
6716 6742 5
6717 6744 5
6718 6746 8
6719 6748 22
6720 6750 1
6722 6752 17
6723 6754 21
6725 6756 1
6726 6758 7
6727 6760 2
6728 6762 9
6729 6764 10
6731 6766 4
6732 6768 12
6733 6770 7
6734 6772 5
6735 6774 3
6736 6776 5
6737 6778 23
6738 6780 6
6739 6782 6
6740 6784 7
6741 6786 31
6742 6788 12
6743 6790 4
6744 6792 13
6745 6794 9
6746 6796 4
6747 6798 3
6748 6800 5
6749 6802 4
6751 6804 5
6752 6806 20
6753 6808 6
6754 6810 6
6755 6812 1
6756 6814 9
6757 6816 4
6758 6818 13
6759 6820 7
6760 6822 1
6761 6824 10
6762 6826 9
6763 6828 2
6764 6830 23
6765 6832 18
6766 6834 1
6768 6836 10
6769 6838 2
6770 6840 6
6771 6842 8
6773 6844 1
6774 6846 4
6775 6848 2
6776 6850 13
6777 6852 5
6780 6854 2
6781 6856 1
6784 6858 15
6785 6860 23
6787 6862 2
6788 6864 27
6789 6866 16
6790 6868 2
6791 6870 1
6794 6872 1
6798 6874 2
6800 6876 22
6801 6878 6
6802 6880 2
6803 6882 1
6804 6884 4
6805 6886 1
6808 6888 2
6812 6890 4
6813 6892 2
6848 6894 1
6849 6896 1
6854 6898 2
6857 6900 2
6861 6902 2
6865 6904 1
6866 6906 1
6867 6908 2
6870 6910 17
6871 6912 4
6872 6914 5
6873 6916 2
6912 6918 14
6913 6920 21
6914 6922 3
6915 6924 5
6916 6926 12
6917 6928 12
6918 6930 6
6919 6932 2
6920 6934 9
6921 6936 8
6922 6938 4
6923 6940 6
6924 6942 12
6926 6944 1
6927 6946 2
6928 6948 10
6929 6950 8
6930 6952 11
6931 6954 2
6932 6956 3
6933 6958 1
6936 6960 3
6937 6962 12
6938 6964 3
6939 6966 4
6940 6968 3
6941 6970 2
6942 6972 3
6943 6974 5
6944 6976 4
6945 6978 10
6946 6980 7
6947 6982 24
6948 6984 9
6949 6986 6
6950 6988 6
6951 6990 13
6953 6992 8
6956 6994 4
6958 6996 1
6960 6998 28
6961 7000 11
6962 7002 4
6964 7004 4
6965 7006 8
6966 7008 1
6967 7010 3
6979 7012 1
6980 7014 2
6982 7016 3
6983 7018 1
6986 7020 1
6987 7022 1
6989 7024 4
6990 7026 2
6991 7028 15
6993 7030 1
6996 7032 3
6998 7034 1
7000 7036 2
7001 7038 2
7002 7040 3
7003 7042 3
7004 7044 1
7005 7046 1
7008 7048 2
7010 7050 1
7015 7052 2
7018 7054 1
7042 7056 2
7043 7058 8
7044 7060 19
7046 7062 1
7057 7064 1
7290 7066 1
7291 7068 5
7292 7070 1
7293 7072 3
7294 7074 7
7295 7076 1
7323 7078 2
7326 7080 1
7327 7082 3
7328 7084 2
7329 7086 1
7330 7088 1
7331 7090 2
7332 7092 1
7333 7094 2
7334 7096 8
7335 7098 12
7336 7100 1
7337 7102 15
7340 7104 4
7341 7106 12
7343 7108 1
7344 7110 1
7345 7112 1
7346 7114 3
7348 7116 5
7349 7118 5
7350 7120 1
7351 7122 2
7352 7124 1
7353 7126 1
7356 7128 2
7357 7130 1
7363 7132 1
7366 7134 4
7367 7136 4
7368 7138 1
7369 7140 7
7370 7142 2
7371 7144 3
7372 7146 3
7373 7148 7
7375 7150 1
7376 7152 3
7377 7154 2
7378 7156 6
7381 7158 1
7384 7160 2
7391 7162 1
7392 7164 1
7403 7166 10
7406 7168 7
7407 7170 1
7413 7172 2
7414 7174 4
7416 7176 1
7417 7178 2
7418 7180 1
7419 7182 3
7420 7184 6
7421 7186 2
7422 7188 2
7423 7190 39
7451 7192 1
7458 7194 1
7459 7196 3
7461 7198 1
7464 7200 37
7466 7202 11
7467 7204 14
7470 7206 2
7471 7208 1
7472 7210 1
7473 7212 1
7552 7214 3
7553 7216 4
7560 7218 1
7561 7220 1
7562 7222 2
7563 7224 1
7565 7226 35
7567 7228 2
7581 7230 1
7582 7232 1
7583 7234 3
7584 7236 1
7585 7238 1
7587 7240 2
7588 7242 1
7589 7244 4
7590 7246 14
7591 7248 13
7592 7250 7
7593 7252 5
7596 7254 1
7598 7256 1
7600 7258 2
7601 7260 9
7602 7262 3
7603 7264 1
7604 7266 5
7605 7268 21
7606 7270 2
7618 7272 3
7622 7274 2
7624 7276 2
7625 7278 6
7626 7280 10
7627 7282 8
7628 7284 1
7630 7286 15
7631 7288 6
7635 7290 1
7641 7292 4
7644 7294 7
7648 7296 22
7649 7298 1
7652 7300 1
7682 7302 2
7688 7304 1
7689 7306 5
7692 7308 1
7693 7310 2
7694 7312 1
7695 7314 2
7697 7316 1
7698 7318 2
7699 7320 1
7703 7322 5
7704 7324 12
7705 7326 2
7707 7328 1
7708 7330 2
7709 7332 3
7713 7334 2
7744 7336 4
7745 7338 3
7746 7340 1
7748 7342 2
7750 7344 3
7751 7346 2
7752 7348 1
7753 7350 2
7762 7352 1
